ISIN	Currency	Total Buy Count	Total Sell Count	Total Buy Quantity	Total Sell Quantity	Weighted Average Buy Price	Weighted Average Sell Price	Max Buy Price	Min Sell Price
"GB00B1YW4409"	"GBX"	923	946	286667	269811	108158948	112027146	110750000	0
"NL0000852564"	"EUR"	0	0	0	0	0	0	0	0
"ES0132105018"	"EUR"	0	0	0	0	0	0	0	0
"ES0105046009"	"EUR"	0	0	0	0	0	0	0	0
"BE0974276082"	"EUR"	0	0	0	0	0	0	0	0
"ES0125220311"	"EUR"	0	0	0	0	0	0	0	0
"FR0000120404"	"EUR"	0	0	0	0	0	0	0	0
"IE00BWT6H894"	"GBX"	1462	1473	68875	71122	838758176	844054163	846800000	0
"GB00B8HX8Z88"	"GBX"	531	527	214335	214938	45714331	46172897	46420000	0
"GB00BMJ6DW54"	"GBX"	996	1035	631970	646166	52778384	53188349	53320000	0
"BE0003818359"	"EUR"	0	0	0	0	0	0	0	0
"BE0003764785"	"EUR"	0	0	0	0	0	0	0	0
"NL0011540547"	"EUR"	0	0	0	0	0	0	0	0
"IE00BD1RP616"	"EUR"	41	28	27804	21661	603310	612731	614200	0
"CH0012138605"	"CHF"	147	197	22939	30668	3224516	3320397	3300000	0
"DE000A1EWWW0"	"EUR"	23	0	667	0	16100000	0	16100000	0
"GB00B02J6398"	"GBX"	1044	755	143892	101670	223652667	225688307	225600000	0
"CH0319416936"	"CHF"	234	251	6271	7995	14965381	15844742	15220000	0
"CH0024638196"	"CHF"	215	120	9939	4908	17428408	17836278	17885000	0
"GB00B2PDGW16"	"GBX"	71	115	19051	28212	137579140	144764167	142550000	0
"CH0000816824"	"CHF"	238	200	157294	131095	650422	715151	668000	0
"CH0025751329"	"CHF"	946	1026	57048	66637	4912865	5048150	4967000	0
"CH0102659627"	"CHF"	102	117	341977	403771	81939	86540	84000	0
"CH0012410517"	"CHF"	226	203	11304	10464	15671028	15852028	15880000	0
"NL0000303709"	"EUR"	0	0	0	0	0	0	0	0
"CH0043238366"	"CHF"	217	249	724923	1022749	105378	114636	109300	0
"CH0009002962"	"CHF"	328	207	1954	837	212541965	220144802	218600000	0
"CH0012453913"	"CHF"	94	130	6716	10120	7872576	8174568	8118000	0
"CH0021218067"	"CHF"	7	69	95089	2761867	8530	8878	8630	0
"CH0012549785"	"CHF"	236	151	4412	3307	29727996	32314426	31540000	0
"CH0038388911"	"CHF"	59	58	3150	2648	5857769	5954503	5900000	0
"CH0005795668"	"CHF"	99	62	1400605	1109402	23162	23758	24050	0
"SE0007871645"	"SEK"	0	0	0	0	0	0	0	0
"SE0000382335"	"SEK"	1	0	5	0	74020000	0	74020000	0
"FR0013227113"	"EUR"	0	0	0	0	0	0	0	0
"BE0974264930"	"EUR"	0	0	0	0	0	0	0	0
"SE0003366871"	"SEK"	0	0	0	0	0	0	0	0
"DE000A1PHFF7"	"EUR"	0	46	0	1633	0	7017183	0	0
"SE0000163628"	"SEK"	0	0	0	0	0	0	0	0
"FR0000031122"	"EUR"	0	0	0	0	0	0	0	0
"FR0000120073"	"EUR"	0	0	0	0	0	0	0	0
"BMG3682E1921"	"NOK"	0	0	0	0	0	0	0	0
"NO0003055501"	"NOK"	0	0	0	0	0	0	0	0
"NO0010215684"	"NOK"	0	0	0	0	0	0	0	0
"ES0109427734"	"EUR"	0	0	0	0	0	0	0	0
"SE0005999836"	"SEK"	0	0	0	0	0	0	0	0
"CH0110240600"	"CHF"	117	108	30870	40511	1267241	1286326	1280000	0
"NO0003108102"	"NOK"	0	0	0	0	0	0	0	0
"DE000A0WMPJ6"	"EUR"	0	0	0	0	0	0	0	0
"SE0000695876"	"SEK"	0	0	0	0	0	0	0	0
"ES0157097017"	"EUR"	0	0	0	0	0	0	0	0
"DE0008404005"	"EUR"	23	13	115	1898	17550000	24020000	17550000	0
"SE0000101362"	"SEK"	0	0	0	0	0	0	0	0
"DE0005232805"	"EUR"	0	0	0	0	0	0	0	0
"GB00BYQ0JC66"	"GBX"	166	152	108105	115382	48831743	49338970	49340000	0
"SE0005677135"	"SEK"	0	0	0	0	0	0	0	0
"FR0010220475"	"EUR"	0	0	0	0	0	0	0	0
"BMG1738J1247"	"NOK"	0	0	0	0	0	0	0	0
"GB0000904986"	"GBX"	185	142	28231	24325	211857720	217209097	217100000	0
"GB00B62G9D36"	"GBX"	214	133	606636	192869	13917292	14343456	14090000	0
"PTALT0AE0002"	"EUR"	0	0	0	0	0	0	0	0
"FR0000130403"	"EUR"	0	0	0	0	0	0	0	0
"ES0109067019"	"EUR"	0	0	0	0	0	0	0	0
"FR0000054322"	"EUR"	0	0	0	0	0	0	0	0
"SE0007158829"	"SEK"	0	0	0	0	0	0	0	0
"DK0060094928"	"DKK"	0	0	0	0	0	0	0	0
"CH0011795959"	"CHF"	118	186	1667	2395	41491751	42258225	41900000	0
"CH0022268228"	"CHF"	210	83	453641	47087	658486	714379	710000	0
"SE0006509949"	"SEK"	0	0	0	0	0	0	0	0
"CH0016440353"	"CHF"	172	152	1322	1066	71626399	72786350	72550000	0
"GB00B1XZS820"	"GBX"	1505	1488	132940	132852	285452081	287434668	290300000	0
"ES0130625512"	"EUR"	0	0	0	0	0	0	0	0
"BE0974293251"	"EUR"	46	23	2737	483	4500000	5600000	4500000	0
"NO0010735343"	"NOK"	0	0	0	0	0	0	0	0
"GB00BCKFY513"	"GBX"	63	22	477907	174844	3740698	3781258	4030000	0
"GB0000456144"	"GBX"	940	955	228953	231968	110881827	112409102	113350000	0
"DK0010244425"	"DKK"	0	0	0	0	0	0	0	0
"DK0010244508"	"DKK"	0	0	0	0	0	0	0	0
"IM00B5VQMV65"	"GBX"	974	1030	209701	223752	124091713	125142558	127050000	0
"DE0006048408"	"EUR"	0	0	0	0	0	0	0	0
"SE0006887063"	"SEK"	0	0	0	0	0	0	0	0
"SE0007074281"	"SEK"	0	0	0	0	0	0	0	0
"BMG4593F1389"	"GBX"	89	108	38269	38940	94545177	96512443	95540000	0
"SE0001515552"	"SEK"	0	0	0	0	0	0	0	0
"SE0000190126"	"SEK"	0	0	0	0	0	0	0	0
"LU1598757687"	"EUR"	0	0	0	0	0	0	0	0
"LU1598757687"	"EUR"	0	0	0	0	0	0	0	0
"SE0000108847"	"SEK"	0	0	0	0	0	0	0	0
"ES0176252718"	"EUR"	0	0	0	0	0	0	0	0
"FR0010609263"	"EUR"	0	0	0	0	0	0	0	0
"SE0000273294"	"SEK"	0	0	0	0	0	0	0	0
"FR0000120560"	"EUR"	0	0	0	0	0	0	0	0
"NO0010629108"	"NOK"	0	0	0	0	0	0	0	0
"ES0161560018"	"EUR"	0	0	0	0	0	0	0	0
"DK0060580512"	"DKK"	0	0	0	0	0	0	0	0
"GB0000536739"	"GBX"	1157	1115	91150	86562	351416539	354011893	355200000	0
"ES0110047919"	"EUR"	0	0	0	0	0	0	0	0
"NL0010273215"	"EUR"	0	0	0	0	0	0	0	0
"SE0007100581"	"SEK"	0	23	0	713	0	26330000	0	0
"IT0000062072"	"EUR"	0	0	0	0	0	0	0	0
"GB0006731235"	"GBX"	1197	1085	199725	184184	159573289	161167358	160900000	0
"GB00B1JQBT10"	"GBX"	111	120	1108020	1265014	2082139	2262936	2120000	0
"GB0009895292"	"GBX"	1727	1442	86269	76084	1072894485	1086082211	1089400000	0
"GB0009895292"	"SEK"	0	0	0	0	0	0	0	0
"ES0173908015"	"EUR"	0	0	0	0	0	0	0	0
"SE0003366871"	"DKK"	0	0	0	0	0	0	0	0
"IT0003506190"	"EUR"	0	24	0	5002	0	2246528	0	0
"NO0010612450"	"NOK"	0	0	0	0	0	0	0	0
"FR0000121709"	"EUR"	0	0	0	0	0	0	0	0
"GB0007973794"	"GBX"	135	161	249361	301744	17301563	17649438	17490000	0
"SE0000120669"	"SEK"	0	0	0	0	0	0	0	0
"NO0010715139"	"NOK"	0	0	0	0	0	0	0	0
"FI0009007611"	"SEK"	0	0	0	0	0	0	0	0
"DK0060696300"	"DKK"	0	0	0	0	0	0	0	0
"IT0001137345"	"EUR"	0	0	0	0	0	0	0	0
"GB00B03HDJ73"	"GBX"	0	0	0	0	0	0	0	0
"SE0002591420"	"SEK"	0	0	0	0	0	0	0	0
"GB00BZ3CNK81"	"DKK"	0	0	0	0	0	0	0	0
"ES0182280018"	"EUR"	0	0	0	0	0	0	0	0
"FR0000120628"	"EUR"	0	0	0	0	0	0	0	0
"DE000UNSE018"	"EUR"	0	0	0	0	0	0	0	0
"GB0006928617"	"GBX"	900	735	245895	183804	103858202	105927551	105400000	0
"IT0003261697"	"EUR"	0	0	0	0	0	0	0	0
"GB0009697037"	"GBX"	82	98	93641	88895	31801666	32263305	32260000	0
"GB0002634946"	"GBX"	1363	1305	503032	584165	83931000	84654194	84620000	0
"GB00B132NW22"	"GBX"	184	159	201419	195708	20933697	21320996	21240000	0
"GB00BVYVFW23"	"GBX"	1056	995	593282	554265	55420709	55879888	55820000	0
"LU1072616219"	"GBX"	1175	1129	679135	628629	36267560	36533783	36560000	0
"GB0002652740"	"GBX"	127	183	22577	33271	255796261	258467061	258800000	0
"GB0008220112"	"GBX"	1081	1041	1029631	952169	27781802	28005908	28020000	0
"IT0005218752"	"EUR"	0	0	0	0	0	0	0	0
"IT0000066123"	"EUR"	0	0	0	0	0	0	0	0
"GB0004915632"	"GBX"	167	193	515285	362059	6899847	7038892	6990000	0
"ES0113211835"	"EUR"	0	0	0	0	0	0	0	0
"PTBCP0AM0015"	"EUR"	0	0	0	0	0	0	0	0
"ES0113860A34"	"EUR"	0	0	0	0	0	0	0	0
"GB00B0YG1K06"	"GBX"	55	76	340708	331402	4472341	4545816	4570000	0
"ES0113900J37"	"EUR"	46	69	13892	16330	256650	335366	261000	0
"GB00B5ZN1N88"	"GBX"	1304	1295	574314	404034	90994718	96513274	96280000	0
"GB00BWFGQN14"	"GBX"	978	903	29390	23899	1020988618	1034349052	1035000000	0
"IE00B00MZ448"	"GBX"	101	105	54812	49987	72344341	73498512	74240000	0
"GB0030232317"	"GBX"	99	40	52373	33743	39962372	40496553	40640000	0
"GB00BLDYK618"	"GBX"	1011	1175	354251	416045	71542693	72838377	72740000	0
"ES0113679I37"	"EUR"	0	0	0	0	0	0	0	0
"GB0003308607"	"GBX"	602	553	56885	51063	274216448	276649421	277100000	0
"IT0005211237"	"EUR"	0	0	0	0	0	0	0	0
"FI0009000681"	"EUR"	0	0	0	0	0	0	0	0
"GB00BD3VFW73"	"GBX"	141	294	265894	528173	23153076	23347929	23460000	0
"GB0031348658"	"GBX"	1874	1743	3032398	3043998	15485607	15945786	15636000	0
"JE00BYVQYS01"	"GBX"	116	119	217539	236213	18528866	18822745	18890000	0
"IT0005218380"	"EUR"	0	0	0	0	0	0	0	0
"GB0000811801"	"GBX"	1394	1309	655202	641647	45868767	47601039	46380000	0
"IT0001031084"	"EUR"	0	0	0	0	0	0	0	0
"PTIBS0AM0008"	"EUR"	0	0	0	0	0	0	0	0
"DE000BASF111"	"EUR"	0	16	0	192	0	4175000	0	0
"PTNBA0AM0006"	"EUR"	0	0	0	0	0	0	0	0
"GB00B41H7391"	"GBX"	172	207	134215	175587	33978758	34520530	34300000	0
"JE00BVRZ8S85"	"GBX"	189	204	157188	210754	90306557	91201157	90800000	0
"GG00B8P59C08"	"GBX"	118	127	123425	127500	19991158	20479147	20250000	0
"BE0003717312"	"EUR"	0	0	0	0	0	0	0	0
"AT0000652011"	"EUR"	0	0	0	0	0	0	0	0
"AT0000743059"	"EUR"	0	0	0	0	0	0	0	0
"DE000BAY0017"	"EUR"	138	46	11477	368	4675390	6815000	5400000	0
"DE0005190003"	"EUR"	46	46	5980	874	6956153	9016842	7000000	0
"AT0000937503"	"EUR"	0	0	0	0	0	0	0	0
"AT0000606306"	"EUR"	0	0	0	0	0	0	0	0
"AT0000730007"	"EUR"	0	0	0	0	0	0	0	0
"AT0000831706"	"EUR"	0	0	0	0	0	0	0	0
"AT0000644505"	"EUR"	0	0	0	0	0	0	0	0
"AT0000641352"	"EUR"	0	0	0	0	0	0	0	0
"BE0003678894"	"EUR"	0	0	0	0	0	0	0	0
"DE0005200000"	"EUR"	0	0	0	0	0	0	0	0
"BE0003810273"	"EUR"	0	0	0	0	0	0	0	0
"NO0006000801"	"NOK"	0	0	0	0	0	0	0	0
"CH0360674466"	"CHF"	255	224	23110	16278	7237078	7601903	7525000	0
"GG00BPFJTF46"	"GBX"	299	372	53507	73558	242348057	246998919	246000000	0
"GB00B4YZN328"	"GBX"	138	159	507867	481978	6149624	6259484	6220000	0
"GB00BYT18307"	"GBX"	95	71	18880	24035	122311864	127778747	125400000	0
"GB00BLWDVP51"	"GBX"	55	55	18480	16641	84298928	89992434	85100000	0
"NO0010597883"	"NOK"	0	0	0	0	0	0	0	0
"SE0009922164"	"SEK"	0	0	0	0	0	0	0	0
"DE0005313704"	"EUR"	0	46	0	2921	0	13951181	0	0
"NL0006237562"	"EUR"	0	0	0	0	0	0	0	0
"NL0000334118"	"EUR"	0	0	0	0	0	0	0	0
"NL0011872643"	"EUR"	0	0	0	0	0	0	0	0
"NL0000337319"	"EUR"	0	0	0	0	0	0	0	0
"NL0010583399"	"EUR"	0	0	0	0	0	0	0	0
"NL0011279492"	"EUR"	0	0	0	0	0	0	0	0
"NL0010801007"	"EUR"	0	0	0	0	0	0	0	0
"NL0010937058"	"EUR"	2	0	2000	0	1900000	0	1900000	0
"FR0000131104"	"EUR"	0	0	0	0	0	0	0	0
"NL0011821392"	"EUR"	0	0	0	0	0	0	0	0
"NL0000852523"	"EUR"	0	0	0	0	0	0	0	0
"DE0005103006"	"EUR"	0	0	0	0	0	0	0	0
"DE000A111338"	"EUR"	0	0	0	0	0	0	0	0
"DE000BFB0019"	"EUR"	0	0	0	0	0	0	0	0
"DE0005158703"	"EUR"	0	0	0	0	0	0	0	0
"DE0005419105"	"EUR"	0	0	0	0	0	0	0	0
"CH0126673539"	"CHF"	188	204	13418	13949	7892965	8084047	7950000	0
"DE0005545503"	"EUR"	0	0	0	0	0	0	0	0
"FR0000120503"	"EUR"	0	0	0	0	0	0	0	0
"DE0005550636"	"EUR"	0	0	0	0	0	0	0	0
"GB0007980591"	"GBX"	1974	2253	2146388	2234261	39104611	40639382	40010000	0
"DE0005664809"	"EUR"	23	0	2806	0	1610000	0	1610000	0
"DE000A0Z2ZZ5"	"EUR"	0	0	0	0	0	0	0	0
"DE0005800601"	"EUR"	0	0	0	0	0	0	0	0
"LU0775917882"	"EUR"	0	0	0	0	0	0	0	0
"DE000A1X3W00"	"EUR"	0	0	0	0	0	0	0	0
"GB0002875804"	"GBX"	1822	1893	245071	279392	352147876	364744881	358650000	0
"DE0006632003"	"EUR"	0	0	0	0	0	0	0	0
"DE000A0D6554"	"EUR"	0	0	0	0	0	0	0	0
"GB0001367019"	"GBX"	1362	1188	675788	595934	44107523	44644359	44460000	0
"DE0006452907"	"EUR"	0	0	0	0	0	0	0	0
"DE000A1J5RX9"	"EUR"	0	0	0	0	0	0	0	0
"DE0006916604"	"EUR"	0	0	0	0	0	0	0	0
"GB0030913577"	"GBX"	1270	1396	2066645	2152184	18783263	19173899	19155000	0
"DE000A0DJ6J9"	"EUR"	0	0	0	0	0	0	0	0
"AT0000A0E9W5"	"EUR"	0	0	0	0	0	0	0	0
"NL0000817179"	"EUR"	0	0	0	0	0	0	0	0
"DE000A2GS401"	"EUR"	0	0	0	0	0	0	0	0
"GB00B0744B38"	"GBX"	1142	983	139471	118203	273695723	276192148	275300000	0
"GB0031743007"	"GBX"	1155	1175	187697	192529	164536984	166154538	165700000	0
"DE0007165631"	"EUR"	0	0	0	0	0	0	0	0
"DE0005089031"	"EUR"	0	0	0	0	0	0	0	0
"IT0001347308"	"EUR"	0	0	0	0	0	0	0	0
"DE000WAF3001"	"EUR"	0	0	0	0	0	0	0	0
"NL0000289213"	"EUR"	0	0	0	0	0	0	0	0
"NL0012650360"	"GBX"	45	61	6739	7986	194344635	197830453	197300000	0
"GB00BYQB9V88"	"GBX"	90	102	119330	192369	15340378	15819767	15500000	0
"IT0005278236"	"EUR"	0	0	0	0	0	0	0	0
"ES0140609019"	"EUR"	0	0	0	0	0	0	0	0
"FR0000131757"	"EUR"	0	23	0	207	0	13110000	0	0
"AT0000BAWAG2"	"EUR"	0	0	0	0	0	0	0	0
"AT0000APOST4"	"EUR"	0	0	0	0	0	0	0	0
"AT0000720008"	"EUR"	0	0	0	0	0	0	0	0
"AT0000821103"	"EUR"	0	0	0	0	0	0	0	0
"AT0000746409"	"EUR"	0	0	0	0	0	0	0	0
"AT0000908504"	"EUR"	0	0	0	0	0	0	0	0
"FR0000125338"	"EUR"	0	0	0	0	0	0	0	0
"AT0000837307"	"EUR"	0	0	0	0	0	0	0	0
"GB00B23K0M20"	"GBX"	71	104	815295	651551	2476913	2523758	2568000	0
"AT0000946652"	"EUR"	0	0	0	0	0	0	0	0
"AT0000652250"	"EUR"	0	0	0	0	0	0	0	0
"DK0010287663"	"DKK"	23	0	1978	0	21640000	0	21640000	0
"CA74836K1003"	"NOK"	0	0	0	0	0	0	0	0
"FI0009013429"	"EUR"	0	0	0	0	0	0	0	0
"DK0060946788"	"DKK"	0	0	0	0	0	0	0	0
"ES0167050915"	"EUR"	0	46	0	276	0	2670000	0	0
"DK0010181759"	"DKK"	0	0	0	0	0	0	0	0
"GB0031215220"	"GBX"	552	522	100804	93265	64495289	65289788	66340000	0
"CH0008837566"	"CHF"	191	152	6065	5611	15611910	15818392	15780000	0
"GB00B4Y7R145"	"GBX"	131	137	492648	535673	6838629	6949059	6925000	0
"CH0024590272"	"CHF"	104	84	3203	2524	18006806	18802060	18940000	0
"FR0000120172"	"EUR"	0	23	0	1702	0	2293000	0	0
"CH0019107025"	"CHF"	57	7	1159	91	17630112	17864285	17750000	0
"CH0127480363"	"CHF"	91	77	4807	4072	8939165	9066490	9120000	0
"CH0025536027"	"CHF"	147	154	1952	2129	39377074	39953546	39750000	0
"CH0531751755"	"CHF"	160	213	11445	53458	7643802	8860460	7720000	0
"CH0038389992"	"CHF"	141	117	26148	25428	5590497	5751594	5710000	0
"CH0130293662"	"CHF"	115	234	7626	14571	10117247	10376304	10210000	0
"CH0012684657"	"CHF"	124	158	8219	10153	5882547	6101907	6040000	0
"CH0238627142"	"CHF"	180	182	6800	5737	18257029	18624884	18640000	0
"CH0212255803"	"CHF"	150	127	8237	5014	6916583	7495867	7440000	0
"CH0011432447"	"CHF"	138	146	14749	18489	3609295	3878755	3860000	0
"CH0002432174"	"CHF"	139	113	2133	1748	33498509	33897219	33760000	0
"CH0225173167"	"CHF"	156	246	12595	23534	6719135	7673166	6960000	0
"CH0244017502"	"CHF"	143	179	1158	1546	67317271	69062419	68600000	0
"NL0011832936"	"CHF"	111	132	11702	13478	4670325	4741654	4715000	0
"CH0360826991"	"CHF"	124	191	6731	10390	14000142	14436939	14680000	0
"GB00B033F229"	"GBX"	811	769	2181518	2044215	8102868	8285204	8212000	0
"CH0030486770"	"CHF"	151	94	4525	3040	19488265	19707500	19760000	0
"CH0012829898"	"CHF"	163	118	1345	900	91390483	92463111	92700000	0
"CH0003541510"	"CHF"	94	113	557	588	125424416	126893877	126800000	0
"CH0012627250"	"CHF"	139	302	5404	21239	25192403	30784996	26450000	0
"FR0013181864"	"EUR"	0	0	0	0	0	0	0	0
"CH0030380734"	"CHF"	159	191	11949	15011	7329067	7482889	7540000	0
"CH0363463438"	"CHF"	167	114	50843	43598	1317981	1347831	1351000	0
"CH0011029946"	"CHF"	120	217	912	1663	71488815	73121407	73800000	0
"DK0060227585"	"DKK"	0	0	0	0	0	0	0	0
"CH0023868554"	"CHF"	44	130	10809	35958	2154220	2599913	2175000	0
"CH0006372897"	"CHF"	169	173	897	930	211389074	214910215	214000000	0
"CH0273774791"	"CHF"	70	72	644	696	60799068	61534770	61200000	0
"CH0100837282"	"CHF"	157	120	4890	3696	15729746	16051331	15900000	0
"CH0010702154"	"CHF"	147	164	3192	3461	22819392	23689843	23400000	0
"FR0000125007"	"EUR"	0	0	0	0	0	0	0	0
"CH0371153492"	"CHF"	98	143	10084	12250	4944528	5001362	5015000	0
"CH0022427626"	"CHF"	70	64	280	253	180045000	182502766	181600000	0
"CH0190891181"	"CHF"	122	167	9020	16418	5232902	5317026	5300000	0
"CH0210483332"	"CHF"	698	576	57949	47779	10053214	10160145	10185000	0
"CH0011108872"	"CHF"	30	47	720	912	22818333	23322587	23050000	0
"CH0038459415"	"CHF"	0	0	0	0	0	0	0	0
"IT0004147952"	"CHF"	0	0	0	0	0	0	0	0
"CH0003671440"	"CHF"	216	136	8939	5268	9856431	11140990	10740000	0
"CH0042615283"	"CHF"	102	128	6259	10189	7353420	7457772	7485000	0
"CH0012032113"	"CHF"	251	207	5451	4484	32799383	37489478	37440000	0
"CH0027148649"	"CHF"	0	0	0	0	0	0	0	0
"CH0239229302"	"CHF"	112	148	5576	9897	9395900	9635603	9590000	0
"CH0014284498"	"CHF"	179	122	2345	1311	60241812	64130434	63950000	0
"CH0012142631"	"CHF"	245	253	44986	71358	1713296	1876383	1790000	0
"CH0010675863"	"CHF"	83	122	4175	5650	9571816	10019609	9725000	0
"CH0010754924"	"CHF"	91	127	553	694	86983001	88830403	89300000	0
"CH0012100191"	"CHF"	157	163	3513	3077	28834659	29099512	29040000	0
"CH0033361673"	"CHF"	156	149	8246	7626	9394193	9968937	9540000	0
"CH0198251305"	"GBX"	1429	1225	159522	165220	182261467	189407647	186050000	0
"CH0311864901"	"CHF"	263	144	5599	4563	21620607	22069165	22100000	0
"CH0002088976"	"CHF"	137	204	3776	6278	16971027	18185810	17240000	0
"CH0014786500"	"CHF"	177	216	10123	10399	8321686	9251721	8400000	0
"BE0003593044"	"EUR"	0	0	0	0	0	0	0	0
"DK0060448595"	"DKK"	0	0	0	0	0	0	0	0
"BE0974256852"	"EUR"	0	0	0	0	0	0	0	0
"CH0012335540"	"CHF"	202	132	17308	10929	6599245	6718877	6710000	0
"CH0314029270"	"CHF"	0	0	0	0	0	0	0	0
"CH0019396990"	"CHF"	167	135	5868	4454	13418807	13723848	13660000	0
"JE00BF5FX167"	"GBX"	166	132	353925	245848	32703168	33210450	32950000	0
"DE000CBK1001"	"EUR"	0	0	0	0	0	0	0	0
"GB00BD6K4575"	"GBX"	1127	1282	198653	235781	172712622	173960638	174350000	0
"PTFRV0AE0004"	"EUR"	0	0	0	0	0	0	0	0
"AT00000FACC2"	"EUR"	0	0	0	0	0	0	0	0
"AT0000969985"	"EUR"	0	0	0	0	0	0	0	0
"DE000SHL1006"	"EUR"	0	0	0	0	0	0	0	0
"GB00BF5H9P87"	"GBX"	120	108	52948	48824	55840307	56615397	56600000	0
"GI000A0F6407"	"GBX"	51	65	79267	97912	17408032	17673926	17720000	0
"FR0013258662"	"EUR"	0	0	0	0	0	0	0	0
"GB00BDHXPG30"	"GBX"	85	138	112922	177864	14836241	15288636	15050000	0
"DE0005439004"	"EUR"	23	23	437	1012	5500000	8500000	5500000	0
"NL0000888691"	"EUR"	0	0	0	0	0	0	0	0
"LU1673108939"	"EUR"	0	0	0	0	0	0	0	0
"GB00BF8J3Z99"	"GBX"	0	0	0	0	0	0	0	0
"GB0000485838"	"GBX"	121	95	33921	26088	69631039	70866842	70300000	0
"GB0002945029"	"GBX"	127	126	141136	154024	42758211	43997843	43100000	0
"FR0011476928"	"EUR"	0	0	0	0	0	0	0	0
"GB0003718474"	"GBX"	115	154	7071	9250	683355607	691766324	693000000	0
"GB00BF448H58"	"GBX"	281	191	1078601	661519	24931967	25358579	25150000	0
"GB0004228648"	"GBX"	48	65	9512	12569	158163477	160655469	159400000	0
"FR0000045072"	"EUR"	0	0	0	0	0	0	0	0
"CH0012138530"	"CHF"	741	811	442372	573053	542130	576370	553400	0
"GB0000197722"	"GBX"	188	143	101638	64990	66060436	67461043	67100000	0
"GB0001740025"	"GBX"	101	93	43155	49021	42246838	43202635	42850000	0
"FR0013153541"	"EUR"	0	0	0	0	0	0	0	0
"GB00BYM1K758"	"GBX"	72	61	113464	97552	13684665	13903677	13920000	0
"FR0010411983"	"EUR"	0	0	0	0	0	0	0	0
"GB0007918872"	"GBX"	93	146	58554	76785	50631072	51537601	51100000	0
"GG00BV54HY67"	"GBX"	80	108	329070	313440	9033070	9222708	9140000	0
"FR0004188670"	"EUR"	0	0	0	0	0	0	0	0
"NL0012015705"	"EUR"	0	0	0	0	0	0	0	0
"FR0005691656"	"EUR"	0	0	0	0	0	0	0	0
"KYG9361H1092"	"GBX"	200	172	94840	65910	64421668	67463714	67000000	0
"GG00BYXVT888"	"GBX"	74	44	44715	23965	43867298	50309634	48000000	0
"NL0009767532"	"EUR"	0	0	0	0	0	0	0	0
"IE00B44Z5B48"	"USD"	0	8	0	778	0	16162764	0	0
"LU1250154413"	"EUR"	0	0	0	0	0	0	0	0
"DE0007100000"	"EUR"	52	39	13135	20513	5300190	6739272	5400000	0
"BE0003851681"	"EUR"	0	0	0	0	0	0	0	0
"BE0003755692"	"EUR"	0	0	0	0	0	0	0	0
"FR0000120644"	"EUR"	0	0	0	0	0	0	0	0
"DK0010274414"	"DKK"	0	0	0	0	0	0	0	0
"ES0105022000"	"EUR"	0	0	0	0	0	0	0	0
"DE0005190037"	"EUR"	0	0	0	0	0	0	0	0
"SE0008091581"	"SEK"	0	0	0	0	0	0	0	0
"NL0010776944"	"EUR"	0	0	0	0	0	0	0	0
"IT0003097257"	"EUR"	0	0	0	0	0	0	0	0
"SE0011090018"	"SEK"	0	0	0	0	0	0	0	0
"ES0121975009"	"EUR"	0	46	0	230	0	3550000	0	0
"IT0004329733"	"EUR"	0	0	0	0	0	0	0	0
"IT0000784154"	"EUR"	101	0	874000	0	675000	0	675000	0
"GB00BDCPN049"	"EUR"	81	61	8550	8475	5034649	5101725	5075000	0
"DE000A0LAUP1"	"EUR"	0	0	0	0	0	0	0	0
"BE0003883031"	"EUR"	0	0	0	0	0	0	0	0
"NO0010345853"	"NOK"	0	0	0	0	0	0	0	0
"ES0105630315"	"EUR"	0	0	0	0	0	0	0	0
"DE0005140008"	"EUR"	69	122	735724	45831	723292	1047649	760000	0
"FR0010667147"	"EUR"	0	0	0	0	0	0	0	0
"DE0005810055"	"EUR"	46	0	851	0	13345675	0	14200000	0
"FR0000130692"	"EUR"	0	0	0	0	0	0	0	0
"DE0008232125"	"EUR"	46	23	1587	529	460000	725000	500000	0
"DE0005552004"	"EUR"	23	26	2806	48310	2960000	4738332	2960000	0
"IE00BWY4ZF18"	"GBX"	124	143	369633	416124	8608388	8744860	8680000	0
"DE0005557508"	"EUR"	69	46	6946	1288	1628264	1970964	1650000	0
"DE0005403901"	"EUR"	0	0	0	0	0	0	0	0
"DE0006305006"	"EUR"	0	0	0	0	0	0	0	0
"DK0060655629"	"DKK"	0	0	0	0	0	0	0	0
"DE000A2E4K43"	"EUR"	0	0	0	0	0	0	0	0
"DE000A1X3XX4"	"EUR"	23	0	11040	0	936000	0	936000	0
"GB00B3DGH821"	"GBX"	119	85	215105	221884	7832054	7970396	7900000	0
"GB0002374006"	"GBX"	1778	1733	221277	238702	351432072	357795686	354150000	0
"IT0003115950"	"EUR"	0	0	0	0	0	0	0	0
"AT0000818802"	"EUR"	0	0	0	0	0	0	0	0
"ES0112501012"	"EUR"	0	0	0	0	0	0	0	0
"BE0974313455"	"EUR"	0	0	0	0	0	0	0	0
"NO0003055808"	"NOK"	0	0	0	0	0	0	0	0
"BE0974259880"	"EUR"	0	0	0	0	0	0	0	0
"BE0003874915"	"EUR"	0	0	0	0	0	0	0	0
"IT0001415246"	"EUR"	0	0	0	0	0	0	0	0
"FR0000050353"	"EUR"	0	0	0	0	0	0	0	0
"GB00BY9D0Y18"	"GBX"	579	490	608281	554674	24815041	25197340	25160000	0
"ES0126775032"	"EUR"	0	0	0	0	0	0	0	0
"DE000A12DM80"	"EUR"	0	0	0	0	0	0	0	0
"DE0005878003"	"EUR"	0	23	0	713	0	5640000	0	0
"BE0003699130"	"EUR"	0	0	0	0	0	0	0	0
"NO0003921009"	"NOK"	0	0	0	0	0	0	0	0
"DE0005895403"	"EUR"	0	0	0	0	0	0	0	0
"DE0006083405"	"EUR"	0	0	0	0	0	0	0	0
"NL0000008977"	"EUR"	0	0	0	0	0	0	0	0
"DE000A0S8488"	"EUR"	23	0	391	0	1200000	0	1200000	0
"DE000HLAG475"	"EUR"	0	0	0	0	0	0	0	0
"ES0105251005"	"EUR"	0	0	0	0	0	0	0	0
"BE0003766806"	"EUR"	0	0	0	0	0	0	0	0
"IE00B14X4S71"	"GBP"	0	0	0	0	0	0	0	0
"IT0003188064"	"EUR"	0	0	0	0	0	0	0	0
"DE0006200108"	"EUR"	0	0	0	0	0	0	0	0
"DK0060079531"	"DKK"	0	0	0	0	0	0	0	0
"IT0005090300"	"EUR"	0	23	0	1150	0	1228000	0	0
"IT0003027817"	"EUR"	0	0	0	0	0	0	0	0
"IE0005042456"	"GBX"	23	23	140300	139324	70828260	70869137	70970000	0
"DE000ENAG999"	"EUR"	0	23	0	598	0	1064000	0	0
"GB00B7KR2P84"	"GBX"	657	491	318520	269198	35637514	38115527	38110000	0
"BE0974274061"	"EUR"	0	0	0	0	0	0	0	0
"FR0004007813"	"EUR"	0	0	0	0	0	0	0	0
"SE0010100958"	"SEK"	0	0	0	0	0	0	0	0
"ES0105027009"	"EUR"	0	23	0	115	0	2550000	0	0
"PTEDP0AM0009"	"EUR"	0	0	0	0	0	0	0	0
"ES0127797019"	"EUR"	0	0	0	0	0	0	0	0
"CA54928Q1081"	"SEK"	0	0	0	0	0	0	0	0
"NL0012866412"	"EUR"	0	0	0	0	0	0	0	0
"IT0003428445"	"EUR"	0	0	0	0	0	0	0	0
"BE0165385973"	"EUR"	0	0	0	0	0	0	0	0
"FR0000039620"	"EUR"	0	0	0	0	0	0	0	0
"IT0004931058"	"EUR"	0	0	0	0	0	0	0	0
"GB00B01QGK86"	"GBX"	129	106	128828	110924	18715874	18955075	18960000	0
"SE0000949331"	"SEK"	0	0	0	0	0	0	0	0
"FR0010242511"	"EUR"	0	0	0	0	0	0	0	0
"NL0012365084"	"EUR"	0	0	0	0	0	0	0	0
"BE0974294267"	"EUR"	0	0	0	0	0	0	0	0
"BE0003735496"	"EUR"	0	0	0	0	0	0	0	0
"DE000PAT1AG3"	"EUR"	0	0	0	0	0	0	0	0
"BE0003822393"	"EUR"	0	0	0	0	0	0	0	0
"SE0007100359"	"SEK"	0	0	0	0	0	0	0	0
"FI0009007884"	"EUR"	0	0	0	0	0	0	0	0
"DE0006969603"	"EUR"	0	0	0	0	0	0	0	0
"SE0000111940"	"SEK"	0	0	0	0	0	0	0	0
"ES0130670112"	"EUR"	0	23	0	115	0	2500000	0	0
"IT0003132476"	"EUR"	0	0	0	0	0	0	0	0
"DE0007193500"	"EUR"	0	0	0	0	0	0	0	0
"LU1066226637"	"EUR"	0	0	0	0	0	0	0	0
"NL0000288918"	"EUR"	0	0	0	0	0	0	0	0
"DE000WACK012"	"EUR"	0	0	0	0	0	0	0	0
"SE0011166974"	"SEK"	0	0	0	0	0	0	0	0
"SE0011205202"	"SEK"	0	0	0	0	0	0	0	0
"GB00BF4HYT85"	"GBX"	203	234	40558	52191	133258799	146339046	136200000	0
"GB00BF4JDH58"	"GBX"	83	144	155682	309294	17651540	17935143	17800000	0
"FR0013326246"	"EUR"	0	0	0	0	0	0	0	0
"NL0000235190"	"EUR"	20	23	320	851	9400000	11550000	9400000	0
"AT0000A21KS2"	"EUR"	0	0	0	0	0	0	0	0
"CH0418792922"	"CHF"	782	662	19835	28276	21914708	24242863	22480000	0
"SE0011337708"	"SEK"	0	0	0	0	0	0	0	0
"GB00BD45SH49"	"GBX"	66	70	62598	64102	21826786	22198343	22080000	0
"GB00BG12Y042"	"GBX"	135	140	33764	34257	106908159	108773827	108200000	0
"NL0010832176"	"EUR"	0	0	0	0	0	0	0	0
"ZAE000255360"	"GBX"	218	131	651917	513645	5580698	5853040	5650000	0
"IE0004906560"	"EUR"	76	88	3617	4364	9556269	9689272	9656000	0
"NL0012059018"	"EUR"	0	0	0	0	0	0	0	0
"GB00B19NLV48"	"GBX"	1127	889	179463	121717	242210042	245784587	245100000	0
"GB0007913485"	"GBX"	66	75	123533	140241	14833522	15101622	14960000	0
"AT0000609607"	"EUR"	0	0	0	0	0	0	0	0
"NO0010257801"	"NOK"	0	0	0	0	0	0	0	0
"SE0003051010"	"SEK"	23	23	4600	4600	99979565	100396521	100640000	0
"SE0005466505"	"SEK"	23	23	248400	248400	1699443	1707617	1720000	0
"SE0001056045"	"SEK"	0	0	0	0	0	0	0	0
"SE0001342395"	"SEK"	23	23	9200	9200	50801304	51102608	51060000	0
"SE0000693293"	"SEK"	0	0	0	0	0	0	0	0
"SE0005466513"	"SEK"	23	23	151800	151800	2795521	2812826	2824000	0
"IE00B7452L46"	"GBP"	0	0	0	0	0	0	0	0
"ES0118900010"	"EUR"	0	0	0	0	0	0	0	0
"IE00B42TW061"	"GBX"	23	32	13800	16458	726065217	728003888	727100000	0
"IE00B0M63060"	"GBX"	4	15	6073	22651	71182629	71375594	71240000	0
"IE00B1TXLS18"	"GBX"	27	23	6955	35604	52249289	54990000	53390000	0
"LU1650492173"	"GBX"	23	23	87400	87400	114514782	115167826	114680000	0
"IE00B4QNK008"	"GBX"	23	23	234600	234600	41281956	41322391	41435000	0
"IE00BKX55Q28"	"GBP"	0	0	0	0	0	0	0	0
"IE00B810Q511"	"GBP"	0	0	0	0	0	0	0	0
"IE00B00FV128"	"GBX"	72	46	36425	21804	172692645	178240000	174800000	0
"FR0011036268"	"EUR"	0	0	0	0	0	0	0	0
"ES0105336038"	"EUR"	0	0	0	0	0	0	0	0
"FR0010446146"	"EUR"	22	23	433400	453100	1115627	1121147	1120200	0
"FR0010010827"	"EUR"	0	23	0	239200	0	2145173	0	0
"LU0378438732"	"EUR"	28	11	2464	968	10719000	10968909	10722000	0
"IT0003856405"	"EUR"	0	0	0	0	0	0	0	0
"LU0603940916"	"EUR"	27	15	15363	8535	1671444	1698320	1684400	0
"FR0011758085"	"EUR"	0	0	0	0	0	0	0	0
"FR0010446658"	"EUR"	0	21	0	793800	0	593004	0	0
"FR0010446666"	"EUR"	22	23	3610200	3774300	133370	133927	134740	0
"DK0010234467"	"DKK"	0	0	0	0	0	0	0	0
"LU0411075020"	"EUR"	20	20	3260362	1691444	179797	181880	180820	0
"LU0411075376"	"EUR"	19	20	59154	73677	9711703	9812004	9751000	0
"ES0122060314"	"EUR"	0	0	0	0	0	0	0	0
"DE000ETFL235"	"EUR"	0	0	0	0	0	0	0	0
"IT0004827447"	"EUR"	0	0	0	0	0	0	0	0
"DE000ETFL060"	"EUR"	20	20	84225	143508	5271689	5332301	5286000	0
"DE0002635273"	"EUR"	7	21	3976	11928	1677200	1715800	1677200	0
"AT000AGRANA3"	"EUR"	0	0	0	0	0	0	0	0
"FR0011042753"	"EUR"	0	0	0	0	0	0	0	0
"FI0009007132"	"EUR"	0	0	0	0	0	0	0	0
"LU0252633754"	"EUR"	19	20	68128	52432	11888741	12012413	11914000	0
"FR0010251744"	"EUR"	0	0	0	0	0	0	0	0
"LU0252634307"	"EUR"	13	20	63036	99400	8791737	8917746	8833000	0
"DE0005933923"	"EUR"	0	46	0	2024	0	21997500	0	0
"DE0005785802"	"EUR"	0	0	0	0	0	0	0	0
"DE0005785604"	"EUR"	0	46	0	76406	0	3696568	0	0
"GB00B2QPKJ12"	"GBX"	791	719	204081	186131	75046441	77348432	76920000	0
"DE0005933972"	"EUR"	92	0	21781	0	2525424	0	2569000	0
"LU0292106241"	"EUR"	20	89	245657	463657	1591553	1613096	1595800	0
"GB00BGDT3G23"	"GBX"	978	1055	479223	500221	56735184	57204463	57220000	0
"DE000A2NB601"	"EUR"	0	0	0	0	0	0	0	0
"CH0364749348"	"CHF"	33	54	1076	1161	17018791	17264039	17115000	0
"PTGAL0AM0009"	"EUR"	0	0	0	0	0	0	0	0
"IL0011284465"	"GBX"	127	144	30409	32350	151673507	157372414	160400000	0
"ES0116870314"	"EUR"	0	0	0	0	0	0	0	0
"GB00B2B0DG97"	"EUR"	0	0	0	0	0	0	0	0
"DK0060534915"	"EUR"	0	0	0	0	0	0	0	0
"CH0435377954"	"CHF"	179	279	36451	87834	2063174	2128755	2130000	0
"FR0010208488"	"EUR"	0	0	0	0	0	0	0	0
"CA46016U1084"	"SEK"	0	0	0	0	0	0	0	0
"CH0030170408"	"CHF"	1008	894	6828	6192	46921028	47271006	47470000	0
"FI4000297767"	"EUR"	0	0	0	0	0	0	0	0
"SE0001824004"	"SEK"	0	0	0	0	0	0	0	0
"DE000FTG1111"	"EUR"	0	0	0	0	0	0	0	0
"FI4000297767"	"DKK"	0	0	0	0	0	0	0	0
"DE000A0F5UF5"	"EUR"	0	0	0	0	0	0	0	0
"MT0001000109"	"SEK"	0	0	0	0	0	0	0	0
"FI4000297767"	"SEK"	0	0	0	0	0	0	0	0
"DK0010272202"	"DKK"	0	0	0	0	0	0	0	0
"FI4000252127"	"EUR"	0	0	0	0	0	0	0	0
"NL0011821202"	"EUR"	0	0	0	0	0	0	0	0
"US30303M1027"	"EUR"	0	0	0	0	0	0	0	0
"SE0000202624"	"SEK"	0	0	0	0	0	0	0	0
"GB00BF8Q6K64"	"GBX"	1149	876	1567266	1239741	15362848	15479961	15540000	0
"LU0380865021"	"EUR"	23	23	75900	75900	5472521	5532782	5486000	0
"CH0010645932"	"CHF"	795	814	1277	1346	334831245	356024219	343600000	0
"NO0010582521"	"NOK"	0	0	0	0	0	0	0	0
"IT0005239881"	"EUR"	0	0	0	0	0	0	0	0
"GB00B29H4253"	"GBX"	110	51	139523	72429	23235119	23654082	23500000	0
"GB0009252882"	"GBX"	2129	2001	635220	516532	170709778	180817845	180940000	0
"JE00B4T3BW64"	"GBX"	1966	2480	1498769	2442647	43189256	46227105	43890000	0
"ES0132945017"	"EUR"	0	0	0	0	0	0	0	0
"DE0007446007"	"EUR"	0	0	0	0	0	0	0	0
"ES0105065009"	"EUR"	0	0	0	0	0	0	0	0
"DK0010272632"	"DKK"	23	0	276	0	20000000	0	20000000	0
"US88160R1014"	"EUR"	0	0	0	0	0	0	0	0
"IT0003153621"	"EUR"	0	0	0	0	0	0	0	0
"BE0003846632"	"EUR"	0	0	0	0	0	0	0	0
"IT0005162406"	"EUR"	0	0	0	0	0	0	0	0
"IE00B4L5Y983"	"EUR"	0	0	0	0	0	0	0	0
"IE00B4L5Y983"	"GBX"	1	16	367	5860	590100000	590680238	590100000	0
"IE00BZ12WP82"	"EUR"	92	0	2599	0	20848672	0	23500000	0
"SE0000120669"	"EUR"	0	0	0	0	0	0	0	0
"GG00B1W3VF54"	"GBX"	144	166	442633	467470	8758142	8886691	8940000	0
"IT0000076536"	"EUR"	0	0	0	0	0	0	0	0
"ES0171996087"	"EUR"	0	0	0	0	0	0	0	0
"FR0013214145"	"EUR"	0	0	0	0	0	0	0	0
"ES0165386014"	"EUR"	0	0	0	0	0	0	0	0
"DE0007231334"	"EUR"	0	0	0	0	0	0	0	0
"BE0003797140"	"EUR"	0	23	0	230	0	10020000	0	0
"IT0001029492"	"EUR"	0	0	0	0	0	0	0	0
"GB0002395811"	"GBX"	171	137	27598	18900	220176770	223603174	222500000	0
"GB00BYWVDP49"	"GBX"	106	93	98574	100543	20365681	20700412	20550000	0
"IE00BMW3QX54"	"EUR"	8	11	20858	22532	1714102	1720409	1717200	0
"DK0060854669"	"DKK"	0	0	0	0	0	0	0	0
"GG00BYV2ZQ34"	"GBX"	164	160	335171	435959	7036015	7136984	7130000	0
"BE0003720340"	"EUR"	0	0	0	0	0	0	0	0
"JE00B248KJ21"	"GBX"	102	158	111247	82202	31379676	32177672	31600000	0
"ES0171743901"	"EUR"	0	0	0	0	0	0	0	0
"IT0003073266"	"EUR"	0	0	0	0	0	0	0	0
"GB0008481250"	"GBX"	104	140	343184	430770	7564763	7748072	7680000	0
"GB00BYRJ5J14"	"GBX"	131	136	571397	345605	13522961	13670380	13700000	0
"GB00BDFBVT43"	"GBX"	89	101	42474	43500	45231366	46041819	46500000	0
"ES0167733015"	"EUR"	0	0	0	0	0	0	0	0
"BMG671801022"	"NOK"	0	0	0	0	0	0	0	0
"DK0060907293"	"DKK"	0	0	0	0	0	0	0	0
"FR0011341205"	"EUR"	0	0	0	0	0	0	0	0
"ES0105122024"	"EUR"	0	0	0	0	0	0	0	0
"DE000A2NB650"	"EUR"	0	0	0	0	0	0	0	0
"IT0001447785"	"EUR"	0	0	0	0	0	0	0	0
"GB00B1VZ0M25"	"GBX"	774	701	225069	206332	77640144	78270658	78300000	0
"SE0009806607"	"SEK"	0	0	0	0	0	0	0	0
"DE0006047004"	"EUR"	0	0	0	0	0	0	0	0
"FR0000053837"	"EUR"	0	0	0	0	0	0	0	0
"ES0105015012"	"EUR"	0	0	0	0	0	0	0	0
"DE0005157101"	"EUR"	0	0	0	0	0	0	0	0
"SE0002148817"	"SEK"	0	0	0	0	0	0	0	0
"NL0009269109"	"EUR"	0	0	0	0	0	0	0	0
"BMG455841020"	"EUR"	0	0	0	0	0	0	0	0
"ES0171996095"	"EUR"	0	0	0	0	0	0	0	0
"BE0003765790"	"EUR"	0	0	0	0	0	0	0	0
"ES0105223004"	"EUR"	0	0	0	0	0	0	0	0
"ES0116920333"	"EUR"	0	0	0	0	0	0	0	0
"ES0134950F36"	"EUR"	0	0	0	0	0	0	0	0
"ES0144580Y14"	"EUR"	0	23	0	713	0	1254000	0	0
"IE0008471009"	"EUR"	23	23	115000	115000	3555326	3593739	3564500	0
"ES0105130001"	"EUR"	0	0	0	0	0	0	0	0
"FR0010468983"	"EUR"	23	23	156400	156400	2626391	2667586	2640000	0
"FR0000053381"	"EUR"	0	0	0	0	0	0	0	0
"DE000A1TNUT7"	"EUR"	0	0	0	0	0	0	0	0
"GB0004544929"	"GBX"	1265	1270	218595	243786	181435138	187708124	185300000	0
"BE0974260896"	"EUR"	0	0	0	0	0	0	0	0
"PTIPR0AM0000"	"EUR"	0	0	0	0	0	0	0	0
"IE00B5BMR087"	"EUR"	48	48	14400	14400	37434500	37481833	37510000	0
"IE00B5BMR087"	"GBX"	7	14	210	420	3221657142	3228014285	3227100000	0
"ES0118594417"	"EUR"	0	0	0	0	0	0	0	0
"IT0003121677"	"EUR"	0	0	0	0	0	0	0	0
"GB0005774855"	"GBX"	137	101	79503	36867	56380562	57506119	57300000	0
"SE0010323311"	"SEK"	0	0	0	0	0	0	0	0
"ES0177542018"	"EUR"	0	0	0	0	0	0	0	0
"FR0000035164"	"EUR"	0	0	0	0	0	0	0	0
"NO0010633951"	"NOK"	0	0	0	0	0	0	0	0
"SE0010468116"	"SEK"	0	0	0	0	0	0	0	0
"DE000A0JK2A8"	"EUR"	0	0	0	0	0	0	0	0
"IT0004056880"	"EUR"	0	0	0	0	0	0	0	0
"ES0109260531"	"EUR"	0	0	0	0	0	0	0	0
"SE0007158910"	"SEK"	0	0	0	0	0	0	0	0
"DE000A0DNAY5"	"EUR"	0	0	0	0	0	0	0	0
"IT0001207098"	"EUR"	0	0	0	0	0	0	0	0
"LI0315487269"	"CHF"	77	103	4136	5321	8853230	9019759	8900000	0
"LU0274211480"	"EUR"	20	20	65260	61727	12168097	12295957	12198000	0
"LU1834983477"	"EUR"	0	0	0	0	0	0	0	0
"GB00B5N0P849"	"GBX"	81	95	401302	170585	15127569	15504533	15635000	0
"GB00BZ4BQC70"	"GBX"	606	594	75682	92492	189833104	206172133	191650000	0
"BMG359472021"	"NOK"	0	0	0	0	0	0	0	0
"DE000KBX1006"	"EUR"	0	0	0	0	0	0	0	0
"GB00BGBN7C04"	"GBX"	76	127	110796	160201	23903484	25932471	24470000	0
"IT0005366767"	"EUR"	0	0	0	0	0	0	0	0
"GB00BG0TPX62"	"GBX"	44	67	225061	241239	5669755	5816780	5690000	0
"GB0006640972"	"GBX"	73	136	6928	12100	232717956	236719793	237500000	0
"FI0009000202"	"EUR"	0	0	0	0	0	0	0	0
"SE0010520254"	"SEK"	0	0	0	0	0	0	0	0
"ES0162600003"	"EUR"	0	0	0	0	0	0	0	0
"GB0033195214"	"GBX"	1036	1042	1353986	1329356	24472980	24706473	24670000	0
"NO0010861990"	"NOK"	0	0	0	0	0	0	0	0
"FI0009005870"	"EUR"	0	0	0	0	0	0	0	0
"NL0013654783"	"EUR"	0	0	0	0	0	0	0	0
"IE0000527006"	"EUR"	0	0	0	0	0	0	0	0
"NL0000009827"	"EUR"	0	0	0	0	0	0	0	0
"NL0000009082"	"EUR"	0	0	0	0	0	0	0	0
"NL0000009538"	"EUR"	0	0	0	0	0	0	0	0
"IE0001827041"	"EUR"	0	0	0	0	0	0	0	0
"IE0004906560"	"EUR"	0	0	0	0	0	0	0	0
"NL0009432491"	"EUR"	0	0	0	0	0	0	0	0
"IE00BYTBXV33"	"EUR"	0	0	0	0	0	0	0	0
"IE00B1RR8406"	"EUR"	0	0	0	0	0	0	0	0
"IE0004927939"	"EUR"	0	0	0	0	0	0	0	0
"IE00BD1RP616"	"EUR"	0	0	0	0	0	0	0	0
"IE00BF0L3536"	"EUR"	0	0	0	0	0	0	0	0
"IE0000669501"	"EUR"	0	0	0	0	0	0	0	0
"CH0025238863"	"CHF"	247	202	11258	12641	22462311	23715341	22770000	0
"IE00BWT6H894"	"EUR"	0	0	0	0	0	0	0	0
"IE00BJMZDW83"	"EUR"	0	0	0	0	0	0	0	0
"IE00BWY4ZF18"	"EUR"	0	0	0	0	0	0	0	0
"IE00BJ34P519"	"EUR"	0	0	0	0	0	0	0	0
"IE00BD6JX574"	"EUR"	0	0	0	0	0	0	0	0
"IE00BLP58571"	"EUR"	0	0	0	0	0	0	0	0
"IE00B1WV4493"	"EUR"	0	0	0	0	0	0	0	0
"IE00BF2NR112"	"EUR"	0	0	0	0	0	0	0	0
"IE0003290289"	"EUR"	0	0	0	0	0	0	0	0
"IE00BVGC3741"	"EUR"	0	0	0	0	0	0	0	0
"GB00BYW0PQ60"	"GBX"	1159	1079	415329	387230	64959325	65698539	65480000	0
"IE00BWB8X525"	"EUR"	0	0	0	0	0	0	0	0
"DE0005470405"	"EUR"	0	0	0	0	0	0	0	0
"IE00BD64C665"	"EUR"	0	0	0	0	0	0	0	0
"IE00B66B5T26"	"EUR"	0	0	0	0	0	0	0	0
"IE00BDC5DG00"	"EUR"	0	0	0	0	0	0	0	0
"GB0005603997"	"GBX"	1120	1011	1630191	1351561	24093755	24618072	24410000	0
"FR0010307819"	"EUR"	0	0	0	0	0	0	0	0
"GB00BYYN4225"	"EUR"	0	0	0	0	0	0	0	0
"IE00BF0MZF04"	"EUR"	0	0	0	0	0	0	0	0
"GB0031477770"	"EUR"	0	0	0	0	0	0	0	0
"IE00B4XVDC01"	"EUR"	0	0	0	0	0	0	0	0
"FR0010429068"	"EUR"	0	0	0	0	0	0	0	0
"FR0010342592"	"EUR"	25	9	500	180	47275600	48066666	47300000	0
"LU0252634307"	"EUR"	19	20	46389	22000	8807604	8905600	8847000	0
"FR0010468983"	"EUR"	23	23	156400	156400	2633195	2663608	2647000	0
"FR0010261198"	"EUR"	3	13	204	884	14078000	14196000	14101000	0
"FR0007054358"	"EUR"	23	23	117300	117300	3501869	3551978	3512000	0
"GB0008706128"	"GBX"	1615	1586	7922390	13352190	4256195	4505371	4307000	0
"LU1834988278"	"EUR"	5	1	990	198	4957660	5016000	4963400	0
"GB00B0SWJX34"	"GBX"	1322	1021	60114	42465	760127723	784763329	772600000	0
"NL0009272749"	"EUR"	0	0	0	0	0	0	0	0
"CH0013841017"	"CHF"	763	723	11336	9833	52361928	53821781	52880000	0
"FR0010929125"	"EUR"	0	0	0	0	0	0	0	0
"IT0003497168"	"EUR"	0	0	0	0	0	0	0	0
"FR0012882389"	"EUR"	0	0	0	0	0	0	0	0
"FR0013006558"	"EUR"	0	0	0	0	0	0	0	0
"FR0013199916"	"EUR"	0	0	0	0	0	0	0	0
"SE0000108656"	"SEK"	23	0	322	0	6500000	0	6500000	0
"ES0178430E18"	"EUR"	69	0	1955	0	368505	0	376000	0
"FR0013357621"	"EUR"	0	0	0	0	0	0	0	0
"FR0014003U94"	"EUR"	0	0	0	0	0	0	0	0
"BE0003826436"	"EUR"	0	0	0	0	0	0	0	0
"NO0010063308"	"NOK"	23	0	1380	0	12700000	0	12700000	0
"NL0014559478"	"EUR"	0	0	0	0	0	0	0	0
"SE0000667925"	"EUR"	0	0	0	0	0	0	0	0
"SE0000667925"	"SEK"	0	0	0	0	0	0	0	0
"LU0156801721"	"EUR"	0	0	0	0	0	0	0	0
"CA00829Q1019"	"SEK"	0	0	0	0	0	0	0	0
"IT0003242622"	"EUR"	0	0	0	0	0	0	0	0
"CA5503711080"	"SEK"	0	0	0	0	0	0	0	0
"SE0000120784"	"SEK"	0	0	0	0	0	0	0	0
"SE0000233934"	"SEK"	0	0	0	0	0	0	0	0
"NO0003078800"	"NOK"	0	0	0	0	0	0	0	0
"SE0000356008"	"SEK"	0	0	0	0	0	0	0	0
"SE0000366098"	"SEK"	0	0	0	0	0	0	0	0
"SE0000421273"	"SEK"	0	0	0	0	0	0	0	0
"SE0000426546"	"SEK"	0	0	0	0	0	0	0	0
"SE0000683484"	"SEK"	0	0	0	0	0	0	0	0
"DE0007500001"	"EUR"	0	0	0	0	0	0	0	0
"SE0001161654"	"SEK"	0	0	0	0	0	0	0	0
"FI0009000277"	"EUR"	0	0	0	0	0	0	0	0
"SE0001200015"	"SEK"	0	0	0	0	0	0	0	0
"SE0001664707"	"SEK"	0	0	0	0	0	0	0	0
"FR0000060618"	"EUR"	0	0	0	0	0	0	0	0
"IT0004965148"	"EUR"	0	0	0	0	0	0	0	0
"SE0001852419"	"SEK"	0	0	0	0	0	0	0	0
"DK0060634707"	"DKK"	0	0	0	0	0	0	0	0
"NL0010545661"	"EUR"	0	0	0	0	0	0	0	0
"SE0002190926"	"SEK"	0	0	0	0	0	0	0	0
"SE0007665823"	"SEK"	0	0	0	0	0	0	0	0
"BE0974268972"	"EUR"	0	0	0	0	0	0	0	0
"SE0003849223"	"SEK"	0	0	0	0	0	0	0	0
"IT0005282865"	"EUR"	0	0	0	0	0	0	0	0
"NO0010716582"	"NOK"	0	0	0	0	0	0	0	0
"IT0003007728"	"EUR"	0	0	0	0	0	0	0	0
"SE0003950864"	"SEK"	0	0	0	0	0	0	0	0
"IT0003128367"	"EUR"	0	0	0	0	0	0	0	0
"CH0244767585"	"CHF"	758	868	366250	442740	1539458	1576251	1552500	0
"DE0007042301"	"EUR"	0	0	0	0	0	0	0	0
"BMG173841013"	"NOK"	0	0	0	0	0	0	0	0
"SE0004977692"	"SEK"	0	0	0	0	0	0	0	0
"FI0009007694"	"EUR"	0	0	0	0	0	0	0	0
"DE000TUAG000"	"GBX"	155	150	438893	439957	13103949	13502938	13820000	0
"DK0060477503"	"DKK"	0	0	0	0	0	0	0	0
"SE0005468717"	"SEK"	0	0	0	0	0	0	0	0
"SE0000112385"	"SEK"	0	0	0	0	0	0	0	0
"GB00BRS65X63"	"GBX"	101	94	120617	112205	30682562	31003373	31260000	0
"SE0006342333"	"SEK"	0	0	0	0	0	0	0	0
"IT0003865570"	"EUR"	0	0	0	0	0	0	0	0
"FI4000074984"	"EUR"	0	0	0	0	0	0	0	0
"SE0007048020"	"SEK"	0	0	0	0	0	0	0	0
"DE0007235301"	"EUR"	0	0	0	0	0	0	0	0
"NL0010773842"	"EUR"	0	0	0	0	0	0	0	0
"FR0000120271"	"EUR"	0	92	0	10856	0	5304237	0	0
"DK0060495240"	"DKK"	23	0	391	0	40000000	0	40000000	0
"BMG396372051"	"NOK"	0	0	0	0	0	0	0	0
"SE0007075056"	"SEK"	0	0	0	0	0	0	0	0
"DE0007231326"	"EUR"	0	0	0	0	0	0	0	0
"SE0001174970"	"SEK"	0	0	0	0	0	0	0	0
"SE0007100607"	"SEK"	0	0	0	0	0	0	0	0
"SE0007692850"	"SEK"	0	0	0	0	0	0	0	0
"SE0007871363"	"SEK"	0	0	0	0	0	0	0	0
"SE0007897079"	"SEK"	0	0	0	0	0	0	0	0
"BE0003555639"	"EUR"	0	0	0	0	0	0	0	0
"GB00B61TVQ02"	"GBX"	171	160	77050	79283	68821387	69213263	69600000	0
"SE0008040653"	"SEK"	0	0	0	0	0	0	0	0
"SE0008321921"	"SEK"	0	0	0	0	0	0	0	0
"SE0009143662"	"SEK"	0	0	0	0	0	0	0	0
"DE000A0JL9W6"	"EUR"	0	0	0	0	0	0	0	0
"CH0023405456"	"CHF"	141	186	21599	25921	3095947	3286494	3220000	0
"SE0009161052"	"SEK"	0	0	0	0	0	0	0	0
"NL0000302636"	"EUR"	0	0	0	0	0	0	0	0
"AT0000A18XM4"	"CHF"	88	113	51149	48044	776246	797522	798200	0
"SE0009216278"	"SEK"	0	0	0	0	0	0	0	0
"IE00B3XXRP09"	"USD"	130	67	88545	70434	7068773	7360453	7230000	0
"DE000A1ML7J1"	"EUR"	23	16	5543	112	2200000	3995000	2200000	0
"SE0009922156"	"SEK"	0	0	0	0	0	0	0	0
"LU0490618542"	"USD"	34	31	46939	47111	7297688	7321448	7320000	0
"ES0105066007"	"EUR"	0	0	0	0	0	0	0	0
"GB0001500809"	"GBX"	49	128	314743	1228781	4461557	4662033	4534000	0
"DE0007856023"	"EUR"	23	0	575	0	700000	0	700000	0
"ES0184262212"	"EUR"	0	0	0	0	0	0	0	0
"SE0011090547"	"SEK"	0	0	0	0	0	0	0	0
"IT0005239360"	"EUR"	0	0	0	0	0	0	0	0
"SE0012729366"	"SEK"	0	0	0	0	0	0	0	0
"SE0013512506"	"SEK"	0	0	0	0	0	0	0	0
"SE0016844831"	"SEK"	0	0	0	0	0	0	0	0
"SE0017131329"	"SEK"	0	0	0	0	0	0	0	0
"SE0017161458"	"SEK"	0	0	0	0	0	0	0	0
"SE0017483506"	"SEK"	0	0	0	0	0	0	0	0
"CH0014420878"	"CHF"	0	0	0	0	0	0	0	0
"NL0010733960"	"CHF"	58	66	21568	8339	3000424	3088092	3050000	0
"AT000000STR1"	"EUR"	0	0	0	0	0	0	0	0
"AT0000741053"	"EUR"	0	0	0	0	0	0	0	0
"AT0000758305"	"EUR"	0	0	0	0	0	0	0	0
"AT0000785555"	"EUR"	0	0	0	0	0	0	0	0
"IE00B66F4759"	"EUR"	6	2	660	220	8681166	8693000	8686000	0
"FR0013176526"	"EUR"	0	0	0	0	0	0	0	0
"GG00B1YQ7219"	"USD"	76	121	19156	24677	2223105	2293831	2260000	0
"GG00B28C2R28"	"EUR"	9	22	6750	10796	1185000	1201991	1185000	0
"FR0000124141"	"EUR"	0	0	0	0	0	0	0	0
"FR0000125486"	"EUR"	0	0	0	0	0	0	0	0
"ES0143416115"	"EUR"	0	23	0	138	0	1970000	0	0
"FR0000127771"	"EUR"	0	0	0	0	0	0	0	0
"GB00BH4HKS39"	"GBX"	1766	1920	4311111	4404109	12743639	13095694	13024000	0
"DE0007664039"	"EUR"	183	0	78009	0	12360371	0	12500000	0
"SE0000115446"	"SEK"	0	0	0	0	0	0	0	0
"GB00BPQY8M80"	"GBX"	1375	1157	949242	819224	40179540	40673648	40620000	0
"SE0017767742"	"SEK"	0	0	0	0	0	0	0	0
"SE0017769995"	"SEK"	0	0	0	0	0	0	0	0
"SE0017885767"	"SEK"	0	0	0	0	0	0	0	0
"SE0017911480"	"SEK"	0	0	0	0	0	0	0	0
"SE0017780133"	"SEK"	0	0	0	0	0	0	0	0
"SE0018012635"	"SEK"	0	0	0	0	0	0	0	0
"FI0009003727"	"EUR"	23	0	2921	0	700000	0	700000	0
"GB00BNHSJN34"	"GBX"	172	129	452153	355668	10016638	10139906	10120000	0
"GB0009465807"	"GBX"	191	112	49290	31678	139443736	141005385	140850000	0
"SE0017832488"	"SEK"	0	0	0	0	0	0	0	0
"NO0012470089"	"NOK"	0	0	0	0	0	0	0	0
"SE0017859259"	"SEK"	0	0	0	0	0	0	0	0
"SE0018040677"	"SEK"	0	0	0	0	0	0	0	0
"IT0005496473"	"EUR"	0	0	0	0	0	0	0	0
"GB00B1KJJ408"	"GBX"	959	1149	107065	145514	248500722	264216579	252700000	0
"SE0018013849"	"SEK"	0	0	0	0	0	0	0	0
"DK0060738599"	"DKK"	0	0	0	0	0	0	0	0
"DK0061804697"	"DKK"	0	0	0	0	0	0	0	0
"DK0061804770"	"DKK"	0	0	0	0	0	0	0	0
"SE0004840718"	"SEK"	0	0	0	0	0	0	0	0
"GB0000667013"	"GBX"	36	49	13029	13365	99232120	101555959	100900000	0
"IT0005495657"	"EUR"	0	0	0	0	0	0	0	0
"SE0018012494"	"SEK"	0	0	0	0	0	0	0	0
"FR001400AJ45"	"EUR"	0	0	0	0	0	0	0	0
"NL0000395903"	"EUR"	0	0	0	0	0	0	0	0
"FI0009006548"	"EUR"	0	0	0	0	0	0	0	0
"JE00B8KF9B49"	"GBX"	1238	1341	426127	458662	81792519	82575720	82860000	0
"FI0009007264"	"EUR"	0	0	0	0	0	0	0	0
"SE0017161243"	"SEK"	0	0	0	0	0	0	0	0
"SE0012323715"	"SEK"	0	0	0	0	0	0	0	0
"SE0016075337"	"SEK"	0	0	0	0	0	0	0	0
"NO0010208051"	"NOK"	0	0	0	0	0	0	0	0
"FI0009800643"	"EUR"	0	0	0	0	0	0	0	0
"PTZON0AM0006"	"EUR"	0	0	0	0	0	0	0	0
"CH0011075394"	"CHF"	1042	1009	22459	20033	42115481	43029961	42420000	0
"IE0001827041"	"GBX"	1229	1207	138828	142923	285763540	287438259	288450000	0
"GB00BDVZYZ77"	"GBX"	543	469	523522	467197	26879245	27124824	27140000	0
"NL0010558797"	"EUR"	0	0	0	0	0	0	0	0
"PTCTT0AM0001"	"EUR"	0	0	0	0	0	0	0	0
"DE000A1DAHH0"	"EUR"	23	0	414	0	5000000	0	5000000	0
"LU0274211480"	"EUR"	43	20	64285	59118	12147095	12295102	12198000	0
"DE000A0HN5C6"	"EUR"	0	0	0	0	0	0	0	0
"DE000ETFL011"	"EUR"	19	20	54293	78396	11417140	11536499	11442000	0
"DE0005933931"	"EUR"	42	20	69852	70139	10764546	10895589	10832000	0
"DE0002635307"	"EUR"	23	0	138	0	3600000	0	3600000	0
"DE000LEG1110"	"EUR"	0	0	0	0	0	0	0	0
"DE0005408884"	"EUR"	0	0	0	0	0	0	0	0
"DE0006766504"	"EUR"	0	0	0	0	0	0	0	0
"FR0000051807"	"EUR"	0	0	0	0	0	0	0	0
"DE0007030009"	"EUR"	23	23	4002	391	18000000	25690000	18000000	0
"NO0010736879"	"NOK"	0	0	0	0	0	0	0	0
"FO0000000179"	"NOK"	4	8	392	784	65625000	65862500	66100000	0
"BMG067231032"	"NOK"	0	0	0	0	0	0	0	0
"GB00B1Z4ST84"	"GBX"	57	86	73866	90974	19522066	19832283	19740000	0
"IE0002424939"	"GBX"	989	892	50421	47305	513153130	517330163	517200000	0
"IT0003796171"	"EUR"	0	0	0	0	0	0	0	0
"ES0105025003"	"EUR"	0	0	0	0	0	0	0	0
"IT0004776628"	"EUR"	0	0	0	0	0	0	0	0
"SE0008374250"	"SEK"	0	0	0	0	0	0	0	0
"NL0011585146"	"EUR"	0	0	0	0	0	0	0	0
"CH0010570759"	"CHF"	90	121	90	144	9764333333	10578472222	10050000000	0
"FR0007054358"	"EUR"	23	23	117300	117300	3507956	3545673	3517000	0
"IT0004998065"	"EUR"	0	0	0	0	0	0	0	0
"CH0018294154"	"CHF"	378	238	25345	17116	10582917	10763446	10760000	0
"IT0001469383"	"EUR"	0	0	0	0	0	0	0	0
"IT0005252728"	"EUR"	0	0	0	0	0	0	0	0
"CH0024638212"	"CHF"	261	166	11772	5998	17381180	17684854	17620000	0
"IT0003492391"	"EUR"	0	0	0	0	0	0	0	0
"FR0010411983"	"CHF"	0	0	0	0	0	0	0	0
"BE0974283153"	"EUR"	0	0	0	0	0	0	0	0
"IT0001157020"	"EUR"	0	0	0	0	0	0	0	0
"LU0569974404"	"EUR"	0	0	0	0	0	0	0	0
"IT0001078911"	"EUR"	0	0	0	0	0	0	0	0
"FR0010340141"	"EUR"	0	0	0	0	0	0	0	0
"FR0010313833"	"EUR"	0	0	0	0	0	0	0	0
"FR0004125920"	"EUR"	0	0	0	0	0	0	0	0
"FR0000071946"	"EUR"	0	0	0	0	0	0	0	0
"IT0003497176"	"EUR"	0	0	0	0	0	0	0	0
"FR0000051732"	"EUR"	0	0	0	0	0	0	0	0
"FI4000081138"	"EUR"	0	0	0	0	0	0	0	0
"NL0010391025"	"EUR"	0	0	0	0	0	0	0	0
"FR0000120966"	"EUR"	0	0	0	0	0	0	0	0
"DE0006048432"	"EUR"	0	0	0	0	0	0	0	0
"BE0003816338"	"EUR"	0	0	0	0	0	0	0	0
"FR0013280286"	"EUR"	0	0	0	0	0	0	0	0
"FR0000039299"	"EUR"	0	0	0	0	0	0	0	0
"SE0000106270"	"SEK"	0	0	0	0	0	0	0	0
"DK0015250344"	"DKK"	0	0	0	0	0	0	0	0
"FR0006174348"	"EUR"	0	0	0	0	0	0	0	0
"NL0000852531"	"EUR"	0	0	0	0	0	0	0	0
"DK0015998017"	"DKK"	0	0	0	0	0	0	0	0
"FR0000125585"	"EUR"	0	0	0	0	0	0	0	0
"IT0000336518"	"EUR"	0	0	0	0	0	0	0	0
"DK0060497295"	"DKK"	0	0	0	0	0	0	0	0
"FR0010417345"	"EUR"	0	0	0	0	0	0	0	0
"DK0060700516"	"DKK"	0	0	0	0	0	0	0	0
"FR0000077919"	"EUR"	0	0	0	0	0	0	0	0
"IE00B0M62Q58"	"EUR"	0	0	0	0	0	0	0	0
"DK0010219153"	"DKK"	0	0	0	0	0	0	0	0
"FR0013154002"	"EUR"	0	0	0	0	0	0	0	0
"IE00B0M62Q58"	"GBX"	0	0	0	0	0	0	0	0
"DK0010253921"	"DKK"	0	0	0	0	0	0	0	0
"FR0010908533"	"EUR"	0	0	0	0	0	0	0	0
"IE00B441G979"	"EUR"	10	1	1520	152	6311500	6338000	6350000	0
"DK0060036564"	"DKK"	0	0	0	0	0	0	0	0
"FR0012789949"	"EUR"	0	0	0	0	0	0	0	0
"IE00B02KXH56"	"EUR"	0	0	0	0	0	0	0	0
"DE0006204407"	"EUR"	0	0	0	0	0	0	0	0
"FR0000130452"	"EUR"	23	23	207	207	7000000	10500000	7000000	0
"FR0010533075"	"EUR"	0	0	0	0	0	0	0	0
"IT0005322612"	"EUR"	0	0	0	0	0	0	0	0
"DE000SHA0159"	"EUR"	23	0	2783	0	480000	0	480000	0
"FR0004163111"	"EUR"	0	0	0	0	0	0	0	0
"CH0012214059"	"CHF"	1201	892	106315	67098	4002567	4217285	4126000	0
"DE0008303504"	"EUR"	0	0	0	0	0	0	0	0
"FR0000121121"	"EUR"	0	0	0	0	0	0	0	0
"GB00BYYW3C20"	"GBX"	125	110	143207	209218	25699843	27766865	26200000	0
"GB0001859296"	"GBX"	137	155	64211	73605	83287636	84189013	84000000	0
"LU0088087324"	"EUR"	0	0	0	0	0	0	0	0
"FR0000054470"	"EUR"	0	0	0	0	0	0	0	0
"IT0003895668"	"EUR"	0	0	0	0	0	0	0	0
"GB0006886666"	"GBX"	108	203	20883	39165	129937470	132986447	131400000	0
"FR0000031775"	"EUR"	0	0	0	0	0	0	0	0
"GB00BLWDVR75"	"GBX"	108	215	259179	367549	8433435	8719695	8560000	0
"GB00B0744359"	"GBX"	89	158	89225	117194	24511905	24921940	24850000	0
"DE0006062144"	"EUR"	0	0	0	0	0	0	0	0
"IT0005176406"	"EUR"	0	0	0	0	0	0	0	0
"IE0003864109"	"GBX"	103	119	247032	230925	9808168	9929318	9915000	0
"DE0005408116"	"EUR"	0	0	0	0	0	0	0	0
"GB0004161021"	"GBX"	757	188	550877	509969	11080460	11193127	11280000	0
"DE0007480204"	"EUR"	6	2	12000	3468	2220000	2224000	2220000	0
"IE00BKM4GZ66"	"EUR"	0	0	0	0	0	0	0	0
"GB0004052071"	"GBX"	998	1035	146373	152576	201386323	203304104	204000000	0
"DE0005565204"	"EUR"	23	23	2806	1955	1800000	2900000	1800000	0
"DE0005772206"	"EUR"	0	0	0	0	0	0	0	0
"ES0125140A14"	"EUR"	0	0	0	0	0	0	0	0
"GB0005576813"	"GBX"	1064	967	518168	463045	60147150	60623244	60840000	0
"DE0005773303"	"EUR"	0	0	0	0	0	0	0	0
"SE0006625471"	"SEK"	0	0	0	0	0	0	0	0
"GB00B06QFB75"	"GBX"	141	226	85352	146589	67785408	68715815	68600000	0
"DE0006602006"	"EUR"	0	0	0	0	0	0	0	0
"DE0005909006"	"EUR"	0	0	0	0	0	0	0	0
"DK0060083210"	"DKK"	0	0	0	0	0	0	0	0
"GB00B17BBQ50"	"GBX"	154	173	116689	125537	43651507	44096183	44200000	0
"DE000A0LD6E6"	"EUR"	0	0	0	0	0	0	0	0
"DE0007257503"	"EUR"	0	0	0	0	0	0	0	0
"DE0008019001"	"EUR"	0	0	0	0	0	0	0	0
"LU0061462528"	"EUR"	23	0	667	0	3000000	0	3000000	0
"GB00BYM8GJ06"	"GBX"	89	111	78652	91153	26038028	26385776	26320000	0
"NL0011821202"	"EUR"	0	0	0	0	0	0	0	0
"GB0009039941"	"GBX"	67	78	121671	141960	9955697	10122194	10140000	0
"GB00BBG9VN75"	"GBX"	1040	939	116630	104620	227407816	229485916	230200000	0
"SE0009888738"	"SEK"	0	0	0	0	0	0	0	0
"ES0139140174"	"EUR"	0	0	0	0	0	0	0	0
"GB00B6XZKY75"	"GBX"	99	98	50198	50391	51294218	53953005	51700000	0
"ES0175438003"	"EUR"	0	0	0	0	0	0	0	0
"GB00BG49KP99"	"GBX"	157	202	448724	515557	17608039	17779536	17890000	0
"NO0010234552"	"NOK"	0	0	0	0	0	0	0	0
"GB0000961622"	"GBX"	76	79	99114	66094	25708253	26024781	25940000	0
"NO0004822503"	"NOK"	0	0	0	0	0	0	0	0
"GB0001765816"	"GBX"	297	365	992519	551994	50812225	51159877	51000000	0
"LU1704650164"	"EUR"	0	0	0	0	0	0	0	0
"NO0010365521"	"NOK"	0	0	0	0	0	0	0	0
"GB0002869419"	"GBX"	155	118	39865	34246	126843316	130240860	129800000	0
"ES0177542018"	"GBX"	1175	1077	3471153	3299703	10678817	10879420	11008000	0
"NO0003033102"	"NOK"	0	0	0	0	0	0	0	0
"GB00BF044593"	"GBX"	174	110	258043	75164	19845932	20212473	20150000	0
"NO0010331838"	"NOK"	0	0	0	0	0	0	0	0
"GB00B1CKQ739"	"GBX"	109	114	42194	41016	80476465	81774619	81900000	0
"IT0000072618"	"EUR"	0	0	0	0	0	0	0	0
"NO0010571680"	"NOK"	0	0	0	0	0	0	0	0
"GB0003466074"	"GBX"	31	33	14185	15042	80369143	81928905	80700000	0
"CA0679011084"	"EUR"	0	0	0	0	0	0	0	0
"SE0007666110"	"SEK"	0	0	0	0	0	0	0	0
"BMG4209G2077"	"GBX"	103	99	77730	145512	25438508	25853019	25800000	0
"GB00B11V7W98"	"GBX"	54	33	13361	5542	90854112	91887531	91600000	0
"FR0000044448"	"EUR"	0	0	0	0	0	0	0	0
"GB00B39J2M42"	"GBX"	1022	911	373542	315277	102330788	103276421	103050000	0
"DE0007507501"	"EUR"	0	0	0	0	0	0	0	0
"IT0003828271"	"EUR"	0	0	0	0	0	0	0	0
"DE000KGX8881"	"EUR"	0	2	0	194	0	4128030	0	0
"JE00B5TT1872"	"GBX"	154	116	475141	327515	7641096	8070368	8000000	0
"FR0013269123"	"EUR"	0	0	0	0	0	0	0	0
"DE000A0D9PT0"	"EUR"	0	0	0	0	0	0	0	0
"IT0004053440"	"EUR"	0	0	0	0	0	0	0	0
"GB00B7N0K053"	"GBX"	134	95	192046	243644	11060288	11554674	11200000	0
"DE0002635307"	"EUR"	0	0	0	0	0	0	0	0
"GB00B8VZXT93"	"GBX"	73	43	64433	51752	24636877	25033296	24860000	0
"DE000A1H8BV3"	"EUR"	0	0	0	0	0	0	0	0
"GB00BD6GN030"	"GBX"	150	176	322729	237898	13607159	13799395	13790000	0
"FR0000050809"	"EUR"	0	0	0	0	0	0	0	0
"DE000TLX1005"	"EUR"	0	0	0	0	0	0	0	0
"GG00B1NP5142"	"GBX"	179	142	21177	18485	428961184	440134595	436500000	0
"LU0252633754"	"EUR"	19	20	66816	52432	11888600	12012413	11914000	0
"GB00B3MBS747"	"GBX"	1143	1209	271109	302419	79507894	80162992	81540000	0
"DE0006335003"	"EUR"	0	0	0	0	0	0	0	0
"GB0001638955"	"GBX"	72	132	28158	39552	62532839	63425843	64050000	0
"DK0060257814"	"DKK"	0	0	0	0	0	0	0	0
"SE0000936478"	"SEK"	0	0	0	0	0	0	0	0
"GB00BKFB1C65"	"GBX"	1126	1067	1426771	1301710	19264673	19436582	19435000	0
"GB00BLY2F708"	"GBX"	131	97	682513	496257	4740259	4802973	4835000	0
"IT0005244402"	"EUR"	0	0	0	0	0	0	0	0
"NO0003043309"	"NOK"	0	0	0	0	0	0	0	0
"IE00B53SZB19"	"EUR"	46	48	4600	4800	62423130	62511250	62520000	0
"JE00B6T5S470"	"GBX"	0	0	0	0	0	0	0	0
"DE0007493991"	"EUR"	0	0	0	0	0	0	0	0
"GB00B53P2009"	"GBX"	73	52	129396	118088	13955178	14155432	14110000	0
"GB00BYQ46T41"	"GBX"	251	289	1829335	1807619	13882311	14497541	14100000	0
"GB00BV9FP302"	"GBX"	111	90	11754	12763	231101037	233831230	233000000	0
"GB00BD8HBD32"	"GBX"	160	140	691676	690376	7376255	7480661	7530000	0
"IM00B7S9G985"	"GBX"	46	82	30595	33338	55045182	55765059	55500000	0
"GB00B14SKR37"	"GBX"	114	108	138353	105364	25389715	27940229	27550000	0
"GB00B082RF11"	"GBX"	1473	1154	836142	640242	48288777	48664092	48610000	0
"DE000WCH8881"	"EUR"	0	23	0	2806	0	17950000	0	0
"DE0006231004"	"EUR"	0	0	0	0	0	0	0	0
"IE00B1RR8406"	"GBX"	696	718	87963	98957	274455635	276167039	276100000	0
"GB0009633180"	"GBX"	839	926	60556	70106	345803553	349262690	349800000	0
"NO0010716863"	"NOK"	0	0	0	0	0	0	0	0
"GB00B1VNSX38"	"GBX"	515	562	194741	223655	64803201	65792777	66250000	0
"GB0003096442"	"GBX"	896	849	293817	289707	85785734	86629222	86700000	0
"GG00B3KX4Q34"	"GBX"	0	0	0	0	0	0	0	0
"DK0010307958"	"DKK"	0	0	0	0	0	0	0	0
"CH0010570767"	"CHF"	163	166	374	410	965877005	981600000	978000000	0
"GB00BL6XZ716"	"GBX"	0	0	0	0	0	0	0	0
"GB0003052338"	"GBX"	164	181	116229	125382	59162566	59951389	59700000	0
"GB0002418548"	"GBX"	51	47	136867	142130	9845825	9988741	10020000	0
"FR0000054199"	"EUR"	0	0	0	0	0	0	0	0
"SE0000454746"	"SEK"	0	0	0	0	0	0	0	0
"NO0010073489"	"NOK"	0	0	0	0	0	0	0	0
"GB00BD8DR117"	"GBX"	62	115	41000	103415	36580429	37059460	37100000	0
"NO0010657505"	"NOK"	0	0	0	0	0	0	0	0
"NO0010716418"	"NOK"	0	0	0	0	0	0	0	0
"GB00B3FLWH99"	"GBX"	92	123	55532	64253	52187246	52958659	52750000	0
"GG00B4ZPCJ00"	"GBX"	228	178	936100	682297	11032667	11163706	11180000	0
"GB00BGXQNP29"	"GBX"	988	950	425122	424963	58667015	59766748	59120000	0
"FR0000032278"	"EUR"	0	0	0	0	0	0	0	0
"CH0012255144"	"CHF"	196	201	23339	20885	4025199	4281339	4266000	0
"IL0010849045"	"GBX"	69	87	424902	452666	3411239	3487788	3465000	0
"GB00B62Z3C74"	"GBX"	171	212	182786	223720	27782899	28597788	28150000	0
"ES0105287009"	"EUR"	0	0	0	0	0	0	0	0
"FR0000051070"	"EUR"	0	0	0	0	0	0	0	0
"NL0011872650"	"EUR"	0	0	0	0	0	0	0	0
"NO0003067902"	"NOK"	0	0	0	0	0	0	0	0
"GB00B02QND93"	"GBX"	95	125	45831	53414	56269025	57359452	56600000	0
"GB00B635TG28"	"GBX"	181	109	2705024	1717105	2279035	2317596	2320000	0
"GB00BJHPLV88"	"GBX"	141	84	138298	95217	19498340	19717634	19710000	0
"GB00BK1PKQ95"	"GBX"	143	176	287673	220605	28121244	28679968	28450000	0
"GB0007816068"	"GBX"	219	162	143201	124471	77201303	78589125	78000000	0
"GB0003395000"	"GBX"	74	40	53192	37775	29662583	30186585	29800000	0
"DE000A2DAM03"	"EUR"	0	0	0	0	0	0	0	0
"SE0006993770"	"SEK"	0	0	0	0	0	0	0	0
"CH0315966322"	"CHF"	74	162	1396	3144	24659383	26328784	24800000	0
"NO0006390301"	"NOK"	0	0	0	0	0	0	0	0
"GB0002018363"	"GBX"	100	174	10612	17798	293475075	298454657	299500000	0
"GB0006827546"	"GBX"	70	171	562	1472	4788087188	4846331521	4820000000	0
"GB00BJTRSD38"	"GBX"	34	100	22662	30764	20514800	20798555	20650000	0
"FR0010655761"	"EUR"	0	0	0	0	0	0	0	0
"GB00B1XH2C03"	"GBX"	106	79	251165	207410	12926589	13119541	13030000	0
"CH0009691608"	"CHF"	108	102	3170	2109	21756466	22098814	21850000	0
"NO0010081235"	"NOK"	0	0	0	0	0	0	0	0
"GB0001639920"	"GBX"	127	112	9416	8627	340992459	358912136	356500000	0
"GB00B19Z1432"	"GBX"	191	164	201099	205772	19668190	20554128	20350000	0
"BE0003565737"	"EUR"	0	0	0	0	0	0	0	0
"FR0010869495"	"EUR"	16	20	4089600	5112000	185028	187695	186200	0
"GB00BHSRZC82"	"GBX"	74	66	112296	100050	17377757	17679785	17600000	0
"JE00B6173J15"	"GBX"	109	141	276864	368285	10927929	11232517	11080000	0
"SE0009921588"	"SEK"	0	0	0	0	0	0	0	0
"GB00B1N7Z094"	"GBX"	102	170	36732	55223	101640545	103178751	102900000	0
"FR0000121485"	"EUR"	0	46	0	230	0	61500000	0	0
"LU1681047236"	"EUR"	0	0	0	0	0	0	0	0
"GB0005758098"	"GBX"	552	561	247223	195296	78639427	79203447	78960000	0
"GB00BYZDVK82"	"GBX"	123	152	33177	41652	129249504	130720498	131000000	0
"NO0010816093"	"NOK"	0	0	0	0	0	0	0	0
"LU0252633754"	"EUR"	19	20	66816	52432	11892192	12009408	11940000	0
"SE0014504817"	"SEK"	0	0	0	0	0	0	0	0
"FR0010331421"	"EUR"	0	0	0	0	0	0	0	0
"GB00B135BJ46"	"GBX"	101	104	28868	25085	100872183	101986593	101900000	0
"FR0013426004"	"EUR"	0	0	0	0	0	0	0	0
"IT0003697080"	"EUR"	0	0	0	0	0	0	0	0
"ES0169501022"	"EUR"	0	0	0	0	0	0	0	0
"ES0136463017"	"EUR"	0	0	0	0	0	0	0	0
"FR0000060873"	"EUR"	0	0	0	0	0	0	0	0
"GB00B1FP6H53"	"GBX"	81	98	93171	99087	18637414	18888792	18830000	0
"GB0031232498"	"GBX"	161	116	82234	59225	39651290	40442110	40200000	0
"ES0180907000"	"EUR"	0	23	0	6992	0	112000	0	0
"SE0000862997"	"SEK"	0	0	0	0	0	0	0	0
"GB0002074580"	"GBX"	132	155	16380	19345	256058791	259036929	260000000	0
"GB00BLRLH124"	"GBX"	0	0	0	0	0	0	0	0
"GB0004726096"	"GBX"	88	94	111646	104314	24493307	24872535	25020000	0
"GB00BGLP8L22"	"GBX"	242	136	73319	49756	118242868	119299113	119400000	0
"GB00BYT1DJ19"	"GBX"	916	940	166971	177627	129767513	131100552	132050000	0
"NO0005806802"	"NOK"	0	0	0	0	0	0	0	0
"GB00B1FW5029"	"GBX"	124	95	376152	274568	8901328	9417665	9475000	0
"GB0000066554"	"GBX"	141	96	36563	25809	117021628	118814336	118200000	0
"IT0000784196"	"EUR"	0	0	0	0	0	0	0	0
"GB0009292243"	"GBX"	148	157	26968	29709	176078656	178165902	177600000	0
"FR0000060402"	"EUR"	1	0	1000	0	4984000	0	4984000	0
"GB0001826634"	"GBX"	128	239	21767	45997	219578747	225632258	223000000	0
"GG00BR30MJ80"	"GBX"	143	228	36239	105896	205306390	224465230	208500000	0
"LU1681037609"	"EUR"	0	0	0	0	0	0	0	0
"GB00B8SC6K54"	"GBX"	119	87	420172	279552	14955582	15458608	15510000	0
"NL0000852580"	"EUR"	31	0	76000	0	3200000	0	3200000	0
"FI4000197934"	"EUR"	0	0	0	0	0	0	0	0
"FI0009004824"	"EUR"	0	0	0	0	0	0	0	0
"LU1681045370"	"EUR"	0	0	0	0	0	0	0	0
"GG00B1Z5FH87"	"GBX"	33	32	9403	9074	145891311	149104804	146500000	0
"LU1829219390"	"EUR"	22	22	4400	4400	8124818	8135163	8177100	0
"GB00B1L5QH97"	"GBX"	148	152	224417	216021	8507822	8656362	8610000	0
"FR0013506730"	"EUR"	0	0	0	0	0	0	0	0
"GB00BZ0D6727"	"GBX"	88	70	16707	14800	109710169	111250533	110900000	0
"LU1834983477"	"EUR"	23	0	2231	0	1750000	0	1750000	0
"GG00BBHXCL35"	"GBX"	88	173	82474	144678	63295972	65274690	65200000	0
"FI4000519228"	"EUR"	0	0	0	0	0	0	0	0
"PTCOR0AE0006"	"EUR"	0	0	0	0	0	0	0	0
"GB00BYZN9041"	"GBX"	95	149	22502	31471	167269069	169003126	170300000	0
"NO0010856511"	"NOK"	0	0	0	0	0	0	0	0
"FR0010869578"	"EUR"	0	1	0	287	0	3406500	0	0
"FR0000039091"	"EUR"	0	0	0	0	0	0	0	0
"GB0033986497"	"GBX"	132	126	799666	814812	6369761	6838676	6598000	0
"SE0002626861"	"SEK"	0	0	0	0	0	0	0	0
"GB00B012TP20"	"GBX"	97	78	161597	129395	14559283	15210165	15030000	0
"ES0148396007"	"EUR"	0	23	0	115	0	2540000	0	0
"GB00BVFNZH21"	"GBX"	126	190	143156	245599	24021995	24223890	24260000	0
"DE0006202005"	"EUR"	0	0	0	0	0	0	0	0
"GB00B4WFW713"	"GBX"	194	214	367272	304131	22477764	22731329	22740000	0
"GB00BJVQC708"	"GBX"	85	141	148797	169825	12558889	12804594	12850000	0
"FR0000121964"	"EUR"	0	0	0	0	0	0	0	0
"NL0000440584"	"EUR"	0	0	0	0	0	0	0	0
"DE000SAFH001"	"EUR"	0	0	0	0	0	0	0	0
"GB00BRB37M78"	"GBX"	92	40	95085	31799	41404920	42174018	42200000	0
"GB00BGJWTR88"	"GBX"	87	139	32454	39556	117805835	119317370	118900000	0
"CH0012268360"	"CHF"	50	75	102363	124429	249415	254927	251500	0
"GB0006111909"	"GBX"	46	67	13882	21939	122324592	123835389	123200000	0
"GB0031274896"	"GBX"	608	550	749501	590614	13832662	13960657	14045000	0
"GB00B19Z2J52"	"GBX"	140	206	681432	726961	7334775	7439126	7420000	0
"GB00BMTS0Z37"	"GBX"	66	63	42643	39731	37354909	37945303	37700000	0
"DK0061135753"	"DKK"	0	0	0	0	0	0	0	0
"FR0010592014"	"EUR"	0	0	0	0	0	0	0	0
"GB0007366395"	"GBX"	144	94	35711	23716	234369045	241473182	240000000	0
"IT0000062957"	"EUR"	0	0	0	0	0	0	0	0
"DE000KSAG888"	"EUR"	0	46	0	2162	0	2750000	0	0
"CH0108503795"	"CHF"	112	231	1546495	1710996	39389	45555	40940	0
"GB0006215205"	"GBX"	85	148	103774	157815	18948338	19173974	19330000	0
"GB00BFZNLB60"	"GBX"	116	132	92968	88791	26617411	27070818	27040000	0
"GB00BJTNFH41"	"GBX"	62	54	233502	273723	5738853	5884571	5910000	0
"JE00BJ1DLW90"	"GBX"	537	564	593260	630513	24351327	24598270	24550000	0
"FR0010405431"	"EUR"	0	0	0	0	0	0	0	0
"GB0002148343"	"GBX"	65	50	13586	9837	191748078	194320646	194200000	0
"FR0013505062"	"EUR"	0	0	0	0	0	0	0	0
"GB0004657408"	"GBX"	146	64	294351	273922	5649322	5743107	5750000	0
"ES0124244E34"	"EUR"	0	23	0	2277	0	195000	0	0
"GB0004270301"	"GBX"	131	74	27227	16842	115554346	117258401	116600000	0
"FR0000031577"	"EUR"	0	0	0	0	0	0	0	0
"SE0000584948"	"SEK"	0	0	0	0	0	0	0	0
"GG00BBHX2H91"	"GBX"	287	129	1734664	622753	13428180	13558820	13580000	0
"LU2197908721"	"EUR"	9	15	738	1230	11497555	11773333	11518000	0
"NL0011794037"	"EUR"	0	0	0	0	0	0	0	0
"SE0000191827"	"SEK"	0	0	0	0	0	0	0	0
"GB00BYX7JT74"	"GBX"	101	69	333916	157105	10960582	11198560	11250000	0
"GB00BJ62K685"	"GBX"	151	126	163887	101675	27749156	27986581	29300000	0
"NL0013332471"	"EUR"	0	0	0	0	0	0	0	0
"LU1681046931"	"EUR"	0	0	0	0	0	0	0	0
"FR0013451333"	"EUR"	0	0	0	0	0	0	0	0
"NL0012969182"	"EUR"	0	0	0	0	0	0	0	0
"SE0000375115"	"SEK"	0	0	0	0	0	0	0	0
"GB00BCRX1J15"	"GBX"	85	44	216794	178473	6884977	6992301	7000000	0
"GB00BVGBWW93"	"GBX"	117	114	717645	584585	6445611	6532947	6535000	0
"SE0000195810"	"SEK"	0	0	0	0	0	0	0	0
"GB00B572ZV91"	"GBX"	5	23	27500	492561	1800000	2227453	1800000	0
"LU1048328220"	"EUR"	0	0	0	0	0	0	0	0
"GB0004478896"	"GBX"	180	126	109778	107700	20743506	21247944	21350000	0
"DE0005470306"	"EUR"	0	0	0	0	0	0	0	0
"GB0031638363"	"GBX"	1221	1155	73094	67564	426066039	429011506	429700000	0
"NO0010631567"	"NOK"	0	0	0	0	0	0	0	0
"GB0002318888"	"GBX"	68	126	7375	13293	300593518	304202016	302800000	0
"SE0012673267"	"SEK"	0	0	0	0	0	0	0	0
"FR0010655712"	"EUR"	0	7	0	287	0	23264285	0	0
"GB00BKRC5K31"	"GBX"	43	75	37269	60529	37657604	38194533	38250000	0
"ES0152503035"	"EUR"	0	0	0	0	0	0	0	0
"GB00B1ZBKY84"	"GBX"	65	100	135096	149504	17461059	17741222	17620000	0
"BMG0451H1170"	"NOK"	0	0	0	0	0	0	0	0
"GB0009064097"	"GBX"	113	233	92462	156697	36134190	36807503	36850000	0
"GB00BDFGHW41"	"GBX"	49	52	109524	114192	15094808	15326135	15180000	0
"GB00B04V1276"	"GBX"	94	134	78507	74926	27753190	28131154	27980000	0
"CA5503721063"	"SEK"	0	0	0	0	0	0	0	0
"SE0007491303"	"SEK"	0	0	0	0	0	0	0	0
"FI0009013403"	"EUR"	0	0	0	0	0	0	0	0
"DE0005493092"	"EUR"	0	0	0	0	0	0	0	0
"GB00B2NGPM57"	"GBX"	66	55	38548	33212	48769884	49427962	49060000	0
"GG00BFYT9H72"	"GBX"	122	200	301343	832841	10946625	11962398	11140000	0
"GB00BHJYC057"	"GBX"	1236	1389	70911	88620	434510764	444754278	440700000	0
"SE0000806994"	"SEK"	0	0	0	0	0	0	0	0
"DE000ZAL1111"	"EUR"	23	23	138	161	2450000	3400000	2450000	0
"IT0004764699"	"EUR"	0	0	0	0	0	0	0	0
"NO0010209331"	"NOK"	0	0	0	0	0	0	0	0
"GB0003753778"	"GBX"	117	150	24056	27533	155501080	158463400	158600000	0
"SE0008091904"	"SEK"	4	0	16000	0	6040000	0	6040000	0
"SE0003303627"	"SEK"	0	0	0	0	0	0	0	0
"FR0010411884"	"EUR"	0	0	0	0	0	0	0	0
"GB0004220025"	"GBX"	91	96	19711	29314	183562305	185916804	185200000	0
"AT0000938204"	"EUR"	0	0	0	0	0	0	0	0
"GB0001990497"	"GBX"	177	162	283062	249094	40169738	40789813	40500000	0
"DE0005168108"	"EUR"	0	0	0	0	0	0	0	0
"BMG850801025"	"NOK"	0	0	0	0	0	0	0	0
"ES0105229001"	"EUR"	0	0	0	0	0	0	0	0
"GB0007990962"	"GBX"	75	90	41678	57831	51683824	55437628	52300000	0
"ES0183746314"	"EUR"	0	23	0	115	0	8340000	0	0
"SE0000379190"	"SEK"	0	0	0	0	0	0	0	0
"GG00B4L0PD47"	"GBX"	10	0	2000	0	62636370	0	62740000	0
"GB0006027295"	"GBX"	106	121	94090	106387	27538941	27984584	27900000	0
"GB00BG11K365"	"GBX"	116	151	74782	87879	48584950	49298432	49180000	0
"SE0000872095"	"SEK"	0	0	0	0	0	0	0	0
"BE0974349814"	"EUR"	0	0	0	0	0	0	0	0
"GB00BDD85M81"	"GBX"	587	592	278816	290894	51512022	51884991	51760000	0
"PTSNC0AM0006"	"EUR"	0	0	0	0	0	0	0	0
"GB0008794710"	"GBX"	84	52	10119	7865	197201383	199618664	199000000	0
"PTJMT0AE0001"	"EUR"	0	0	0	0	0	0	0	0
"SE0006220018"	"SEK"	0	0	0	0	0	0	0	0
"GB00BKLXD974"	"GBX"	42	70	95525	119295	13884128	14157639	13980000	0
"IE00BKM4GZ66"	"GBX"	7	9	4470	5741	238370805	239371398	238950000	0
"GB00B63QSB39"	"GBX"	145	149	31537	37243	182431616	183762081	185500000	0
"NL0000235190"	"EUR"	20	23	340	851	9400000	11550000	9400000	0
"GB0009887422"	"GBX"	151	97	116371	94603	22083192	22476275	22420000	0
"GB00BYPHNG03"	"GBX"	77	88	125741	139802	24430423	24822186	24780000	0
"LU1296758029"	"EUR"	0	0	0	0	0	0	0	0
"AU000000S320"	"GBX"	243	187	409552	305805	21813362	22313156	22150000	0
"FR0012616852"	"EUR"	0	0	0	0	0	0	0	0
"FR0004024222"	"EUR"	0	0	0	0	0	0	0	0
"GB0001048619"	"GBX"	101	100	482174	352147	7352154	7495040	7460000	0
"GB00BK7YQK64"	"GBX"	104	104	1670694	1474843	1898594	1965893	1952000	0
"NO0010840515"	"NOK"	0	0	0	0	0	0	0	0
"SE0000107203"	"SEK"	0	0	0	0	0	0	0	0
"GB0003450359"	"GBX"	138	116	87975	69750	72890707	76288989	74200000	0
"NO0010844038"	"NOK"	0	0	0	0	0	0	0	0
"ES0117160111"	"EUR"	0	0	0	0	0	0	0	0
"BE0003853703"	"EUR"	0	0	0	0	0	0	0	0
"SE0000115420"	"SEK"	0	0	0	0	0	0	0	0
"SE0000170375"	"SEK"	0	0	0	0	0	0	0	0
"GB00B128J450"	"GBX"	62	145	196163	295434	6882882	6977945	6960000	0
"IT0005239360"	"EUR"	0	0	0	0	0	0	0	0
"GB00B0WMWD03"	"GBX"	143	197	138719	356940	37530911	38069728	38000000	0
"DE000SYM9999"	"EUR"	23	23	1173	552	8020000	12300000	8020000	0
"GB0004866223"	"GBX"	40	87	17258	20638	72108564	73476848	72400000	0
"IE00B010DT83"	"GBX"	99	87	145990	109127	18438281	18657885	18610000	0
"DE000NWRK013"	"EUR"	0	0	0	0	0	0	0	0
"FR0010361683"	"EUR"	13	1	5694	438	2185730	2191800	2192800	0
"GB00BNLPYF73"	"GBX"	149	211	258357	233656	23630790	24025199	24050000	0
"NL0015435975"	"EUR"	0	0	0	0	0	0	0	0
"SE0005992831"	"SEK"	0	0	0	0	0	0	0	0
"SE0000105199"	"SEK"	0	0	0	0	0	0	0	0
"GB00B188SR50"	"GBX"	113	177	540212	900455	16372137	16604656	16440000	0
"FR0000120321"	"EUR"	0	0	0	0	0	0	0	0
"GB00B635TG28"	"SEK"	0	0	0	0	0	0	0	0
"JE00B55Q3P39"	"GBX"	113	89	203934	112927	13644807	13941014	13900000	0
"CH0466642201"	"CHF"	277	278	19156	13645	10952284	11338183	11330000	0
"CH0100191136"	"CHF"	0	1	0	32897	0	3050	0	0
"SG9999003735"	"GBX"	52	53	5083	4392	277571807	282329234	280000000	0
"IE0032077012"	"EUR"	46	46	13800	13800	26968086	27026000	27016000	0
"GB0003452173"	"GBX"	37	68	77286	133579	12761681	13852738	12870000	0
"FR0011981968"	"EUR"	0	0	0	0	0	0	0	0
"JE00BJVNSS43"	"GBX"	174	205	12385	15483	905026241	909880527	909600000	0
"CH0008038389"	"CHF"	176	472	14709	56969	8323945	9011409	8385000	0
"GB00B45C9X44"	"GBX"	38	51	43139	51691	31930643	32420324	32350000	0
"GB00BJ1F4N75"	"GBX"	108	139	109957	123144	26396544	27336822	27470000	0
"CH0024608827"	"CHF"	860	899	2727	3596	85531008	86997408	86120000	0
"GB00BD7XPJ64"	"GBX"	72	104	176218	399244	8685118	9654267	8820000	0
"GB0031544546"	"GBX"	0	0	0	0	0	0	0	0
"GB0007958233"	"GBX"	95	125	123852	185835	11573480	11755415	11760000	0
"GB00BJFFLV09"	"GBX"	1115	1084	46057	45076	656694687	662183960	660400000	0
"CH0276837694"	"CHF"	172	182	49662	47972	1519540	1663569	1656000	0
"GB00BGP6Q951"	"GBX"	0	0	0	0	0	0	0	0
"NL0012015705"	"GBX"	77	62	15994	14043	123316802	124955220	125040000	0
"DE0007010803"	"EUR"	0	0	0	0	0	0	0	0
"GB00BYN59130"	"GBX"	69	79	73664	82900	27386148	27913270	28020000	0
"ES0137650018"	"EUR"	0	0	0	0	0	0	0	0
"GB00B15FWH70"	"GBX"	39	64	633991	792466	2065471	2140603	2110000	0
"FR0010451203"	"EUR"	0	0	0	0	0	0	0	0
"GB0007826091"	"GBX"	51	56	21862	23620	79441167	80817866	79600000	0
"DE000A288904"	"EUR"	0	0	0	0	0	0	0	0
"CH0102484968"	"CHF"	166	127	25381	19005	4377337	4544918	4445000	0
"CH0011339204"	"CHF"	90	163	49734	77424	661058	711412	673000	0
"DE000A2YN900"	"EUR"	0	0	0	0	0	0	0	0
"DE0006219934"	"EUR"	0	0	0	0	0	0	0	0
"IT0003365613"	"EUR"	0	0	0	0	0	0	0	0
"GB0007668071"	"GBX"	127	189	44614	56145	101351051	103008091	102300000	0
"FR0000052292"	"EUR"	0	0	0	0	0	0	0	0
"DE0008402215"	"EUR"	0	23	0	1173	0	17770000	0	0
"CH0432492467"	"CHF"	736	807	53144	67098	6794720	7060759	6842000	0
"SE0006422390"	"SEK"	0	0	0	0	0	0	0	0
"GB00BKY40Q38"	"GBX"	61	72	76446	83252	16730839	17010704	16800000	0
"DE000A13SX22"	"EUR"	0	0	0	0	0	0	0	0
"FI0009000459"	"EUR"	0	0	0	0	0	0	0	0
"GB00B0N8QD54"	"GBX"	127	125	54808	53268	81699467	82628313	82550000	0
"FR0000130395"	"EUR"	0	0	0	0	0	0	0	0
"SE0007640156"	"SEK"	0	0	0	0	0	0	0	0
"FI4000312251"	"EUR"	0	0	0	0	0	0	0	0
"GB00BJLP1Y77"	"GBX"	353	102	1668335	429369	16849874	17432292	17420000	0
"SE0005999760"	"SEK"	0	0	0	0	0	0	0	0
"GB00B1JQDM80"	"GBX"	50	33	257599	233044	4926310	5022915	5005000	0
"SE0012853455"	"SEK"	0	0	0	0	0	0	0	0
"FI4000369947"	"EUR"	0	0	0	0	0	0	0	0
"SE0000106205"	"SEK"	0	0	0	0	0	0	0	0
"BMG5361W1047"	"GBX"	148	114	113318	91230	39311058	39773661	39880000	0
"GB00BKDTK925"	"GBX"	68	40	48594	43973	29402054	29868804	30010000	0
"FR0000031684"	"EUR"	0	0	0	0	0	0	0	0
"SE0001662230"	"SEK"	0	0	0	0	0	0	0	0
"GB00BKZGVH64"	"GBX"	108	135	134109	164027	68134653	69454963	68800000	0
"GB00BZ6STL67"	"GBX"	113	50	347049	207966	7753101	7892047	7950000	0
"NO0003054108"	"NOK"	0	0	0	0	0	0	0	0
"DE0008051004"	"EUR"	0	0	0	0	0	0	0	0
"SE0006288015"	"SEK"	0	0	0	0	0	0	0	0
"GB00BYXJC278"	"GBX"	112	84	160797	167407	16135284	17863769	16460000	0
"LU1681037864"	"EUR"	0	3	0	117	0	24934000	0	0
"GB0003385308"	"GBX"	160	156	25118	24829	315031789	322042832	318500000	0
"GB00BMX64W89"	"GBX"	57	95	134003	152836	16981017	17266338	17460000	0
"GB00B012BV22"	"GBX"	49	48	34685	33667	44250463	44927172	44720000	0
"FR0013447729"	"EUR"	0	0	0	0	0	0	0	0
"SE0009414576"	"SEK"	0	0	0	0	0	0	0	0
"SE0007691613"	"SEK"	0	0	0	0	0	0	0	0
"GB00BYYTFB60"	"GBX"	451	359	492345	305790	116525672	117516599	117200000	0
"GB00BVG1CF25"	"GBX"	0	0	0	0	0	0	0	0
"DE000ENER6Y0"	"EUR"	23	46	966	575	1313000	1863400	1313000	0
"GB00B019KW72"	"GBX"	919	998	1499862	1636176	20533797	20844511	20740000	0
"SE0001634262"	"SEK"	0	0	0	0	0	0	0	0
"CH0012221716"	"CHF"	766	719	211821	190303	2530055	2604923	2580000	0
"GB00B67G5X01"	"GBX"	119	87	46517	34705	53703193	54599550	54900000	0
"GB0030517261"	"GBX"	75	40	21725	17556	91477967	94381445	93600000	0
"SE0012454072"	"SEK"	0	0	0	0	0	0	0	0
"SE0000114837"	"SEK"	0	0	0	0	0	0	0	0
"DE000A0TGJ55"	"EUR"	0	0	0	0	0	0	0	0
"GB00BH3VJ782"	"GBX"	11	6	7255	1344	18849893	18868928	19010000	0
"LU1834983550"	"EUR"	2	0	240	0	8066100	0	8108900	0
"GB0007323586"	"GBX"	130	120	9888	11194	365545428	373792388	375200000	0
"GB00B82YXW83"	"GBX"	73	69	61827	61054	30041937	30434352	30340000	0
"FR0013379484"	"EUR"	0	0	0	0	0	0	0	0
"IT0001233417"	"EUR"	0	0	0	0	0	0	0	0
"GB0009123323"	"GBX"	198	255	39666	28887	345760651	348201537	346800000	0
"IE00BJ5FQX74"	"EUR"	0	0	0	0	0	0	0	0
"GB0005405286"	"GBX"	1738	1651	1521404	1467644	53737365	54633182	54280000	0
"FI0009002158"	"EUR"	0	0	0	0	0	0	0	0
"FR0000130213"	"EUR"	0	0	0	0	0	0	0	0
"SE0015812417"	"SEK"	0	0	0	0	0	0	0	0
"NO0010310956"	"NOK"	0	0	0	0	0	0	0	0
"SE0009697220"	"SEK"	0	0	0	0	0	0	0	0
"DE0007314007"	"EUR"	0	0	0	0	0	0	0	0
"FI0009002943"	"EUR"	0	0	0	0	0	0	0	0
"SE0014781795"	"SEK"	0	0	0	0	0	0	0	0
"DE000A161408"	"EUR"	0	0	0	0	0	0	0	0
"FI0009000665"	"EUR"	0	0	0	0	0	0	0	0
"FR0010259150"	"EUR"	0	0	0	0	0	0	0	0
"GB00B1V9NW54"	"GBX"	125	147	26031	34327	101624186	104028648	102800000	0
"FI0009003230"	"EUR"	0	0	0	0	0	0	0	0
"FR0000054900"	"EUR"	0	0	0	0	0	0	0	0
"DE0005493365"	"EUR"	0	0	0	0	0	0	0	0
"FI4000062781"	"EUR"	0	0	0	0	0	0	0	0
"IE00B0M63177"	"GBX"	10	7	6803	4751	318201738	318888712	318725000	0
"DE0007664005"	"EUR"	46	23	644	3611	12850000	22000000	13100000	0
"FR0011726835"	"EUR"	0	0	0	0	0	0	0	0
"FR0012757854"	"EUR"	0	0	0	0	0	0	0	0
"IE00B0M63177"	"EUR"	0	0	0	0	0	0	0	0
"DE0007297004"	"EUR"	0	0	0	0	0	0	0	0
"FR0010040865"	"EUR"	0	0	0	0	0	0	0	0
"BE0974320526"	"EUR"	0	0	0	0	0	0	0	0
"IE00B42Z5J44"	"EUR"	3	26	510	4420	5647333	5716461	5651000	0
"NL0012169213"	"EUR"	0	0	0	0	0	0	0	0
"FR0000064578"	"EUR"	0	0	0	0	0	0	0	0
"SE0012141687"	"SEK"	0	0	0	0	0	0	0	0
"BE0003739530"	"EUR"	0	0	0	0	0	0	0	0
"IE00B1XNH568"	"EUR"	23	21	397900	363300	1285913	1294628	1290600	0
"DE000KC01000"	"EUR"	0	0	0	0	0	0	0	0
"FR0010221234"	"EUR"	0	0	0	0	0	0	0	0
"GB00B0LCW083"	"GBX"	1135	1085	197348	184082	165525289	166742758	166650000	0
"DE0006070006"	"EUR"	0	0	0	0	0	0	0	0
"FR0000121147"	"EUR"	0	0	0	0	0	0	0	0
"SE0010714311"	"SEK"	0	0	0	0	0	0	0	0
"FR0000124570"	"EUR"	0	0	0	0	0	0	0	0
"NO0010284318"	"NOK"	0	0	0	0	0	0	0	0
"DE000A161N30"	"EUR"	0	0	0	0	0	0	0	0
"NL0006294274"	"EUR"	0	0	0	0	0	0	0	0
"SE0010714287"	"SEK"	0	0	0	0	0	0	0	0
"FR0000184798"	"EUR"	0	0	0	0	0	0	0	0
"IE0031442068"	"GBX"	6	8	3137	4180	312320449	312721608	312875000	0
"DE000EVNK013"	"EUR"	0	0	0	0	0	0	0	0
"FR0012435121"	"EUR"	0	0	0	0	0	0	0	0
"SE0009997018"	"SEK"	0	0	0	0	0	0	0	0
"FR0010112524"	"EUR"	0	0	0	0	0	0	0	0
"IE0031442068"	"EUR"	33	32	105600	102400	3628809	3630246	3633200	0
"DE000A0LD2U1"	"EUR"	0	0	0	0	0	0	0	0
"FR0011950732"	"EUR"	0	0	0	0	0	0	0	0
"FR0000120859"	"EUR"	0	0	0	0	0	0	0	0
"IE00B3ZW0K18"	"EUR"	25	48	2925	5616	8133880	8296375	8226000	0
"DK0010311471"	"DKK"	0	0	0	0	0	0	0	0
"FR0000053225"	"EUR"	0	0	0	0	0	0	0	0
"IE00B1FZS350"	"GBX"	19	11	7847	4543	199455263	200404545	200300000	0
"DK0010274844"	"DKK"	0	0	0	0	0	0	0	0
"SE0009778848"	"SEK"	0	0	0	0	0	0	0	0
"NO0003096208"	"NOK"	0	0	0	0	0	0	0	0
"ES0130960018"	"EUR"	0	0	0	0	0	0	0	0
"DK0060542181"	"DKK"	0	0	0	0	0	0	0	0
"FR0000121204"	"EUR"	0	0	0	0	0	0	0	0
"SE0009663826"	"SEK"	0	0	0	0	0	0	0	0
"FR0010241638"	"EUR"	0	0	0	0	0	0	0	0
"FR0010386334"	"EUR"	0	0	0	0	0	0	0	0
"DK0060636678"	"DKK"	0	0	0	0	0	0	0	0
"FR0000121667"	"EUR"	0	23	0	138	0	18800000	0	0
"IT0004810054"	"EUR"	0	0	0	0	0	0	0	0
"BE0003867844"	"EUR"	0	0	0	0	0	0	0	0
"DK0010218429"	"DKK"	0	0	0	0	0	0	0	0
"FR0000073298"	"EUR"	0	0	0	0	0	0	0	0
"FR0000035081"	"EUR"	0	0	0	0	0	0	0	0
"FR0000121329"	"EUR"	0	0	0	0	0	0	0	0
"GB00B17MMZ46"	"GBX"	85	54	280409	202800	7394164	7571529	7540000	0
"IT0000433307"	"EUR"	0	0	0	0	0	0	0	0
"NL0000009165"	"EUR"	0	0	0	0	0	0	0	0
"IT0005043507"	"EUR"	0	0	0	0	0	0	0	0
"IT0001250932"	"EUR"	0	0	0	0	0	0	0	0
"GB0008085614"	"GBX"	115	75	19453	10646	184489436	186900582	186400000	0
"IT0000072170"	"EUR"	0	0	0	0	0	0	0	0
"FI0009005987"	"EUR"	23	0	1426	0	2700000	0	2700000	0
"SE0016609499"	"SEK"	0	0	0	0	0	0	0	0
"SE0016278196"	"SEK"	0	0	0	0	0	0	0	0
"SE0015661236"	"SEK"	0	0	0	0	0	0	0	0
"SE0014990966"	"SEK"	0	0	0	0	0	0	0	0
"SE0014401378"	"SEK"	0	0	0	0	0	0	0	0
"GB00B10RZP78"	"GBX"	1796	1943	303226	285685	374501499	383173634	381250000	0
"DE000TUAG000"	"EUR"	0	0	0	0	0	0	0	0
"SE0012481364"	"SEK"	0	0	0	0	0	0	0	0
"JE00BN574F90"	"GBX"	504	471	38252	42322	180955850	187634887	187900000	0
"NL0012044747"	"EUR"	0	0	0	0	0	0	0	0
"FR0007052782"	"EUR"	0	0	0	0	0	0	0	0
"GB0008025412"	"GBX"	113	121	665103	688657	2976670	3035195	3025000	0
"GB00B60BD277"	"GBX"	43	38	98435	89463	13622365	13899446	13920000	0
"FR0011675362"	"EUR"	0	0	0	0	0	0	0	0
"NL0013267909"	"EUR"	0	0	0	0	0	0	0	0
"SE0002110064"	"SEK"	0	0	0	0	0	0	0	0
"US01609W1027"	"EUR"	0	0	0	0	0	0	0	0
"FR0004052561"	"EUR"	0	0	0	0	0	0	0	0
"GB00B1YKG049"	"GBX"	64	65	198481	244024	7451633	7679536	7590000	0
"LU1829221024"	"EUR"	0	0	0	0	0	0	0	0
"FR0010481960"	"EUR"	0	0	0	0	0	0	0	0
"SE0005190238"	"SEK"	0	0	0	0	0	0	0	0
"FR0010282822"	"EUR"	0	0	0	0	0	0	0	0
"PTTD10AM0000"	"EUR"	0	0	0	0	0	0	0	0
"FR0010193052"	"EUR"	0	0	0	0	0	0	0	0
"ES0178165017"	"EUR"	0	0	0	0	0	0	0	0
"FR0004186856"	"EUR"	0	0	0	0	0	0	0	0
"FR0004177046"	"EUR"	0	0	0	0	0	0	0	0
"FR0004170017"	"EUR"	0	0	0	0	0	0	0	0
"GB0008782301"	"GBX"	1058	996	2698943	2797527	11743457	11896930	11885000	0
"FR0000074783"	"EUR"	0	0	0	0	0	0	0	0
"FR0000074072"	"EUR"	0	0	0	0	0	0	0	0
"FR0000066722"	"EUR"	0	0	0	0	0	0	0	0
"FR0000065484"	"EUR"	0	0	0	0	0	0	0	0
"FR0000064784"	"EUR"	0	0	0	0	0	0	0	0
"FR0000062234"	"EUR"	0	0	0	0	0	0	0	0
"FR0000038606"	"EUR"	0	0	0	0	0	0	0	0
"FR0000033904"	"EUR"	0	0	0	0	0	0	0	0
"FR0000033219"	"EUR"	0	0	0	0	0	0	0	0
"BE0974310428"	"EUR"	0	0	0	0	0	0	0	0
"AN8068571086"	"EUR"	0	0	0	0	0	0	0	0
"NO0010815673"	"NOK"	0	0	0	0	0	0	0	0
"NO0010808892"	"NOK"	0	0	0	0	0	0	0	0
"NO0010751910"	"NOK"	0	0	0	0	0	0	0	0
"CH0008742519"	"CHF"	855	715	8059	7070	52345678	53722130	53240000	0
"CH0126881561"	"CHF"	1083	944	63184	55427	7350054	7821719	7508000	0
"NO0010571698"	"NOK"	0	0	0	0	0	0	0	0
"CH0014852781"	"CHF"	889	937	5223	5105	46529389	46902199	46860000	0
"NO0010564701"	"NOK"	0	0	0	0	0	0	0	0
"NO0010379266"	"NOK"	0	0	0	0	0	0	0	0
"SE0000242455"	"SEK"	0	0	0	0	0	0	0	0
"CH0012255151"	"CHF"	267	297	6089	7629	22424312	25571958	22800000	0
"NO0010187032"	"NOK"	0	0	0	0	0	0	0	0
"NO0010070063"	"NOK"	0	0	0	0	0	0	0	0
"NO0010014632"	"NOK"	0	0	0	0	0	0	0	0
"SE0007100599"	"SEK"	0	0	0	0	0	0	0	0
"SE0000112724"	"SEK"	0	0	0	0	0	0	0	0
"NO0010000045"	"NOK"	0	0	0	0	0	0	0	0
"NO0006000900"	"NOK"	0	0	0	0	0	0	0	0
"NO0003572802"	"NOK"	0	0	0	0	0	0	0	0
"NO0003110603"	"NOK"	0	0	0	0	0	0	0	0
"NO0003094104"	"NOK"	0	0	0	0	0	0	0	0
"NO0003080608"	"NOK"	0	0	0	0	0	0	0	0
"NO0003079709"	"NOK"	0	0	0	0	0	0	0	0
"NO0003078107"	"NOK"	0	0	0	0	0	0	0	0
"LU0075646355"	"NOK"	0	0	0	0	0	0	0	0
"NO0003070609"	"NOK"	0	0	0	0	0	0	0	0
"NO0003021909"	"NOK"	0	0	0	0	0	0	0	0
"NL0013995087"	"EUR"	0	0	0	0	0	0	0	0
"NO0003053605"	"NOK"	0	0	0	0	0	0	0	0
"IT0005331019"	"EUR"	0	0	0	0	0	0	0	0
"FI0009005961"	"EUR"	0	0	0	0	0	0	0	0
"IT0005283640"	"EUR"	0	0	0	0	0	0	0	0
"IT0005119810"	"EUR"	0	0	0	0	0	0	0	0
"IT0005054967"	"EUR"	0	0	0	0	0	0	0	0
"IT0005037210"	"EUR"	0	0	0	0	0	0	0	0
"IT0004967292"	"EUR"	0	0	0	0	0	0	0	0
"NL0000226223"	"EUR"	0	0	0	0	0	0	0	0
"NL0000226223"	"EUR"	0	0	0	0	0	0	0	0
"IT0004729759"	"EUR"	0	0	0	0	0	0	0	0
"IT0004720733"	"EUR"	0	0	0	0	0	0	0	0
"IT0004604762"	"EUR"	0	0	0	0	0	0	0	0
"IT0004585243"	"EUR"	0	0	0	0	0	0	0	0
"IT0004552359"	"EUR"	0	0	0	0	0	0	0	0
"NO0010096985"	"NOK"	0	0	0	0	0	0	0	0
"IT0004195308"	"EUR"	0	0	0	0	0	0	0	0
"IT0004171440"	"EUR"	0	0	0	0	0	0	0	0
"GB0004082847"	"GBX"	1189	1121	636685	547563	62231843	63050622	62800000	0
"IT0004098510"	"EUR"	0	0	0	0	0	0	0	0
"IT0003850929"	"EUR"	0	0	0	0	0	0	0	0
"IT0003372205"	"EUR"	0	0	0	0	0	0	0	0
"IT0001479523"	"EUR"	0	0	0	0	0	0	0	0
"GB0007669376"	"GBX"	932	841	230999	215293	108361878	109563181	109350000	0
"IT0001469995"	"EUR"	0	0	0	0	0	0	0	0
"GB0007908733"	"GBX"	1256	1066	243340	203139	168800414	169921686	170300000	0
"IT0001402269"	"EUR"	0	0	0	0	0	0	0	0
"SE0000171100"	"SEK"	0	0	0	0	0	0	0	0
"IT0001384590"	"EUR"	0	0	0	0	0	0	0	0
"IT0001206769"	"EUR"	0	0	0	0	0	0	0	0
"GB00B1QH8P22"	"GBX"	67	58	37169	27336	66157983	66901862	66700000	0
"IT0001044996"	"EUR"	0	0	0	0	0	0	0	0
"IT0000076502"	"EUR"	0	0	0	0	0	0	0	0
"IT0000076486"	"EUR"	0	0	0	0	0	0	0	0
"FI4000292438"	"EUR"	0	0	0	0	0	0	0	0
"FI4000266804"	"EUR"	0	0	0	0	0	0	0	0
"FI4000206750"	"EUR"	0	0	0	0	0	0	0	0
"FI4000198031"	"EUR"	0	0	0	0	0	0	0	0
"FI4000153580"	"EUR"	0	0	0	0	0	0	0	0
"FI4000058870"	"EUR"	0	0	0	0	0	0	0	0
"FI0009900682"	"EUR"	0	0	0	0	0	0	0	0
"FI0009010912"	"EUR"	0	0	0	0	0	0	0	0
"FI0009010854"	"EUR"	0	0	0	0	0	0	0	0
"PTSON0AM0001"	"EUR"	0	0	0	0	0	0	0	0
"BE0003470755"	"EUR"	0	0	0	0	0	0	0	0
"FI0009010227"	"EUR"	0	0	0	0	0	0	0	0
"FI0009008403"	"EUR"	0	0	0	0	0	0	0	0
"FI0009007900"	"EUR"	0	0	0	0	0	0	0	0
"FI0009007660"	"EUR"	0	0	0	0	0	0	0	0
"FI0009006407"	"EUR"	0	0	0	0	0	0	0	0
"FI0009000400"	"EUR"	0	0	0	0	0	0	0	0
"FI0009000251"	"EUR"	0	0	0	0	0	0	0	0
"DE000STRA555"	"EUR"	0	0	0	0	0	0	0	0
"DE000JST4000"	"EUR"	0	0	0	0	0	0	0	0
"FR0000121220"	"EUR"	0	0	0	0	0	0	0	0
"DE000A2GS633"	"EUR"	0	0	0	0	0	0	0	0
"DE000A1K0235"	"EUR"	0	0	0	0	0	0	0	0
"DE000A161077"	"EUR"	0	0	0	0	0	0	0	0
"FR0000130809"	"EUR"	0	0	0	0	0	0	0	0
"DE000A0Z23Q5"	"EUR"	0	0	0	0	0	0	0	0
"DE000A0Z1JH9"	"EUR"	0	0	0	0	0	0	0	0
"DE000A0XYHT5"	"EUR"	0	0	0	0	0	0	0	0
"DE000A0JQ5U3"	"EUR"	0	0	0	0	0	0	0	0
"DE000A0JBPG2"	"EUR"	0	0	0	0	0	0	0	0
"DE000A0ETBQ4"	"EUR"	0	0	0	0	0	0	0	0
"DE0007667107"	"EUR"	0	0	0	0	0	0	0	0
"DE0007568578"	"EUR"	0	0	0	0	0	0	0	0
"DE0007461006"	"EUR"	0	0	0	0	0	0	0	0
"DE0007448508"	"EUR"	0	0	0	0	0	0	0	0
"IT0003153415"	"EUR"	0	0	0	0	0	0	0	0
"DE0007276503"	"EUR"	0	0	0	0	0	0	0	0
"DE0007274136"	"EUR"	0	0	0	0	0	0	0	0
"DE0007165607"	"EUR"	0	0	0	0	0	0	0	0
"GB00B1WY2338"	"GBX"	1051	971	243634	218764	141734567	142826771	142700000	0
"GB0009223206"	"GBX"	1027	1081	307247	419263	115520000	120836092	116300000	0
"DE0007074007"	"EUR"	0	0	0	0	0	0	0	0
"DE0006450000"	"EUR"	0	0	0	0	0	0	0	0
"DE0005677108"	"EUR"	0	0	0	0	0	0	0	0
"DE0005659700"	"EUR"	0	0	0	0	0	0	0	0
"DE0005654933"	"EUR"	0	0	0	0	0	0	0	0
"SE0000108227"	"SEK"	0	0	0	0	0	0	0	0
"DE0005313506"	"EUR"	0	0	0	0	0	0	0	0
"SE0000113250"	"SEK"	0	0	0	0	0	0	0	0
"DE0005220909"	"EUR"	0	0	0	0	0	0	0	0
"SE0000148884"	"SEK"	0	0	0	0	0	0	0	0
"DE0005194062"	"EUR"	0	0	0	0	0	0	0	0
"DE0005104400"	"EUR"	0	0	0	0	0	0	0	0
"DE0005102008"	"EUR"	0	0	0	0	0	0	0	0
"DK0061141215"	"DKK"	0	0	0	0	0	0	0	0
"DK0061686714"	"DKK"	0	0	0	0	0	0	0	0
"DK0060670776"	"DKK"	0	0	0	0	0	0	0	0
"DK0060055861"	"DKK"	0	0	0	0	0	0	0	0
"DK0060030286"	"DKK"	0	0	0	0	0	0	0	0
"DK0015202451"	"DKK"	0	0	0	0	0	0	0	0
"DK0010219070"	"DKK"	0	0	0	0	0	0	0	0
"LU1068091351"	"EUR"	0	0	0	0	0	0	0	0
"BE0974288202"	"EUR"	0	0	0	0	0	0	0	0
"DE0007236101"	"EUR"	23	0	2806	0	8950000	0	8950000	0
"BE0974273055"	"EUR"	0	0	0	0	0	0	0	0
"BE0003856730"	"EUR"	0	0	0	0	0	0	0	0
"BE0003823409"	"EUR"	0	0	0	0	0	0	0	0
"BE0003789063"	"EUR"	0	0	0	0	0	0	0	0
"CH0002497458"	"CHF"	665	590	2050	1903	215887609	221349921	220500000	0
"BE0003746600"	"EUR"	0	0	0	0	0	0	0	0
"BE0003656676"	"EUR"	0	0	0	0	0	0	0	0
"GB00B1FH8J72"	"GBX"	1098	964	134000	109935	276851055	279067096	278200000	0
"BE0003604155"	"EUR"	0	0	0	0	0	0	0	0
"NL00150002Q7"	"EUR"	0	0	0	0	0	0	0	0
"NL0012047823"	"EUR"	0	0	0	0	0	0	0	0
"NL0011832811"	"EUR"	0	0	0	0	0	0	0	0
"ANN4327C1220"	"EUR"	0	0	0	0	0	0	0	0
"LU0686550053"	"GBX"	0	0	0	0	0	0	0	0
"JE00BYXX8B08"	"GBX"	0	0	0	0	0	0	0	0
"JE00BF4X3P53"	"GBX"	95	143	33012	46386	57782991	58867520	58500000	0
"JE00BD3QJR55"	"GBX"	0	4	0	6680	0	11860000	0	0
"PTSEM0AM0004"	"EUR"	0	0	0	0	0	0	0	0
"JE00B1LZS514"	"GBX"	0	0	0	0	0	0	0	0
"JE00B1GXH751"	"GBX"	90	174	99206	285724	27835862	28342884	28000000	0
"SE0000163594"	"SEK"	0	0	0	0	0	0	0	0
"IE0032077012"	"GBX"	46	47	9200	9272	2321186956	2326741415	2327600000	0
"GG00BWWYMV85"	"GBX"	0	0	0	0	0	0	0	0
"GG00BJVKW831"	"GBX"	0	0	0	0	0	0	0	0
"GG00BJ0JVY01"	"GBX"	182	114	1216646	738886	10729510	11128400	10920000	0
"GG00BB0RDB98"	"GBX"	116	111	738432	702222	12801635	13275917	13100000	0
"GG00B90J5Z95"	"GBX"	0	0	0	0	0	0	0	0
"GG00B45L2K95"	"GBX"	0	0	0	0	0	0	0	0
"GG00B1ZBD492"	"GBX"	116	176	26770	47574	143742995	151994429	146000000	0
"GB00BZC0LP49"	"GBX"	34	30	110055	75023	10538852	10668178	10800000	0
"GB00BZBX0P70"	"GBX"	134	149	131455	126256	19286676	19594206	19600000	0
"GB00BYZJ7G42"	"GBX"	0	14	0	7588	0	15100000	0	0
"GB00BYXVMJ03"	"GBX"	0	0	0	0	0	0	0	0
"GB0002405495"	"GBX"	433	555	45495	63696	262528902	265767709	265400000	0
"GB00BYMKY695"	"GBX"	0	4	0	1090	0	41377889	0	0
"GB00BWD24154"	"GBX"	0	0	0	0	0	0	0	0
"GB00BNXM7M46"	"GBX"	42	39	269601	257094	4765493	4852597	4870000	0
"FR0000121972"	"EUR"	0	0	0	0	0	0	0	0
"GB00BNXGHS27"	"GBX"	22	19	44000	38000	11493181	11700000	11500000	0
"GB00BNGMZB68"	"GBX"	0	0	0	0	0	0	0	0
"GB00BN3ZZ526"	"GBX"	102	74	85198	74089	33931601	34559414	34400000	0
"GB00BMCF8689"	"GBX"	20	20	2920	2920	13818493	14154109	13850000	0
"NO0003028904"	"NOK"	0	0	0	0	0	0	0	0
"GB00BMC7T380"	"GBX"	123	125	449855	554012	8026175	8168091	8080000	0
"GB00BM8H3X05"	"GBX"	166	112	246229	195072	12011809	12284082	12140000	0
"GB00BLSNND18"	"GBX"	99	145	27134	38428	107678447	112626210	108500000	0
"GB00BL6C2002"	"GBX"	57	54	75854	83990	16435082	16724014	16780000	0
"NL0000360618"	"EUR"	0	0	0	0	0	0	0	0
"GB00BKS7YK08"	"GBX"	0	0	0	0	0	0	0	0
"GB00BKP36R26"	"GBX"	48	42	201987	188328	6765858	6886532	6910000	0
"GB00BK96BB68"	"GBX"	51	74	73900	90091	18157386	18464364	18240000	0
"GB00BJP5HK17"	"GBX"	181	164	550145	491692	10989279	11170403	11140000	0
"GB00BJL5F346"	"GBX"	108	87	81586	68414	34810996	35785947	35100000	0
"GB00BJGTLF51"	"GBX"	137	163	443903	429610	10600936	10836891	10740000	0
"GB00BJFLFT45"	"GBX"	116	81	301896	221887	9912835	10111063	10000000	0
"DE0007164600"	"EUR"	46	69	1311	2024	8222368	10650000	8225000	0
"GB00BJDQQ870"	"GBX"	86	79	36462	41262	76379927	77381668	77200000	0
"GB00BJ00Z303"	"GBX"	56	106	63254	112638	28597641	29573531	28900000	0
"FR0000120578"	"EUR"	29	16	275	128	8737560	10418000	9849000	0
"SE0000667891"	"SEK"	23	0	1955	0	15300000	0	15300000	0
"GB00BHJVQ590"	"GBX"	147	102	331348	239412	9236472	9456641	9340000	0
"FI0009003305"	"EUR"	0	0	0	0	0	0	0	0
"GB00BGHVZM47"	"GBX"	128	124	300654	261968	11485114	11696369	11580000	0
"IT0004712375"	"EUR"	0	0	0	0	0	0	0	0
"GB00BG382L74"	"GBX"	82	160	359231	368549	8498711	8596201	8600000	0
"GB00B8C3BL03"	"GBX"	1006	1104	434336	487200	63724865	64204089	64180000	0
"GB00BG0P0V73"	"GBX"	87	28	575104	131020	12021731	12179392	12060000	0
"GB00BFFK8T45"	"GBX"	0	0	0	0	0	0	0	0
"FR0000073272"	"EUR"	0	0	0	0	0	0	0	0
"GB00BF4HYV08"	"GBX"	138	113	64212	53002	58865249	60205735	59500000	0
"GB00BF0P7H59"	"GBX"	0	0	0	0	0	0	0	0
"GB00BF01NH51"	"GBX"	0	0	0	0	0	0	0	0
"ES0182870214"	"EUR"	0	0	0	0	0	0	0	0
"GB00BDGT2M75"	"GBX"	134	168	307415	383999	14515137	14755900	14660000	0
"GB00BD9PXH49"	"GBX"	0	0	0	0	0	0	0	0
"GB00BD45S967"	"GBX"	0	0	0	0	0	0	0	0
"GB00BD3V4641"	"GBX"	0	0	0	0	0	0	0	0
"GB00B9XQT119"	"GBX"	8	8	1040	1040	13472500	13752500	13520000	0
"GB00B6VTTK07"	"GBX"	65	75	29711	37384	69774339	71001706	70400000	0
"DE0007037129"	"EUR"	0	0	0	0	0	0	0	0
"GB00B6832P16"	"GBX"	20	20	1225	1400	30482857	31015000	30600000	0
"GB00B5ZZY915"	"GBX"	0	0	0	0	0	0	0	0
"GB00B0P6J834"	"GBX"	8	8	480	480	20700000	21262500	20700000	0
"GB00B0N8MF98"	"GBX"	0	0	0	0	0	0	0	0
"GB00B0LCW208"	"GBX"	0	0	0	0	0	0	0	0
"GB00B0KM9T71"	"GBX"	110	148	84612	117289	35505214	36129732	36150000	0
"GB00B0FYMT95"	"GBX"	83	113	53659	62485	36933519	41848815	37100000	0
"GB00B0CRWN59"	"GBX"	131	72	91123	72333	24991720	25510195	25250000	0
"GB00B7T77214"	"GBX"	1158	1079	2064616	1814617	21934120	22782368	22240000	0
"GB00B01RDH75"	"GBX"	28	28	1640	1624	42188567	42948337	42350000	0
"GB00B01HM147"	"GBX"	149	136	613785	623627	5208753	5324914	5250000	0
"GB00B012T521"	"GBX"	0	0	0	0	0	0	0	0
"GB0033875286"	"GBX"	1	0	200	0	7760000	0	7760000	0
"GB0033862573"	"GBX"	0	0	0	0	0	0	0	0
"GB0031429219"	"GBX"	142	150	145744	164296	75349706	76725599	76100000	0
"GB0030738271"	"GBX"	0	0	0	0	0	0	0	0
"GB0030474687"	"GBX"	116	86	46875	38959	44740132	45811532	45200000	0
"GB00B63H8491"	"GBX"	1930	1803	4691681	4438706	8491549	9136064	8733000	0
"GB0030329360"	"GBX"	148	135	79263	82258	33872331	34504065	34400000	0
"GB0009065060"	"GBX"	130	120	33238	28702	79787833	81390847	80900000	0
"GB0008710799"	"GBX"	0	0	0	0	0	0	0	0
"GB0007689002"	"GBX"	0	0	0	0	0	0	0	0
"CH0012032048"	"CHF"	1755	1548	35360	35114	31654202	34709857	32410000	0
"GB0006674385"	"GBX"	0	0	0	0	0	0	0	0
"GB0006449366"	"GBX"	124	51	160860	122690	13506189	14462815	14460000	0
"GB0007188757"	"GBX"	2139	2178	152751	165439	480629552	506757449	489100000	0
"GB0006439003"	"GBX"	0	0	0	0	0	0	0	0
"GB0006111123"	"GBX"	83	77	22377	20327	83134982	84365430	83800000	0
"GB0005800072"	"GBX"	160	198	92438	107788	53684029	55561739	54500000	0
"GB0005790059"	"GBX"	223	170	179954	152869	59305668	60243874	59800000	0
"GB0003656021"	"GBX"	8	8	240	240	32356250	33543750	32450000	0
"GB0003422184"	"GBX"	126	132	75794	79841	64695200	67985325	66400000	0
"GB0003328555"	"GBX"	20	20	600	600	14810000	15152500	14900000	0
"GB0003292009"	"GBX"	58	167	17207	33627	104509164	106411116	105200000	0
"GB0003165817"	"GBX"	0	0	0	0	0	0	0	0
"GB0002959582"	"GBX"	72	67	47410	43089	44964963	45636844	45350000	0
"GB0002357613"	"GBX"	39	54	17413	21682	85404657	86748754	86200000	0
"ES0173516115"	"EUR"	23	0	161	0	1308000	0	1308000	0
"GB0001738615"	"GBX"	0	0	0	0	0	0	0	0
"GB0001490001"	"GBX"	117	95	37553	43622	94868239	97521122	96200000	0
"GB0001320778"	"GBX"	28	47	32726	46453	37229493	37882914	37450000	0
"GB0001110096"	"GBX"	0	0	0	0	0	0	0	0
"GB0000353929"	"GBX"	0	0	0	0	0	0	0	0
"GB0000163088"	"GBX"	0	0	0	0	0	0	0	0
"GB0000055888"	"GBX"	37	59	20791	25383	64558674	65502395	65200000	0
"MT0002400100"	"DKK"	0	0	0	0	0	0	0	0
"NO0010112675"	"NOK"	0	0	0	0	0	0	0	0
"FR0000131906"	"EUR"	0	46	0	1518	0	3275000	0	0
"PTREL0AM0008"	"EUR"	0	0	0	0	0	0	0	0
"GB00B2B0DG97"	"GBX"	1237	883	293778	155994	222406736	223914093	224000000	0
"ES0173093024"	"EUR"	0	0	0	0	0	0	0	0
"GB00B24CGK77"	"GBX"	1142	1261	67344	86918	620895212	632303083	626000000	0
"SE0017486897"	"SEK"	0	0	0	0	0	0	0	0
"SE0017486889"	"SEK"	0	0	0	0	0	0	0	0
"GB00BMV92D64"	"GBX"	136	160	154526	172051	21394966	21930223	21700000	0
"SE0017768716"	"SEK"	0	0	0	0	0	0	0	0
"SE0017766843"	"SEK"	0	0	0	0	0	0	0	0
"CH1176493729"	"CHF"	187	172	12134	12322	6713444	6778477	6815000	0
"GB00BP92CJ43"	"GBX"	537	598	191729	215885	76567042	77120718	77460000	0
"CH1169151003"	"CHF"	199	175	22946	19977	4665808	4734199	4746000	0
"CH1173567111"	"CHF"	77	182	3520	6818	9998460	10281604	10260000	0
"CH1175448666"	"CHF"	364	253	15604	12269	10816365	11999396	11590000	0
"NL0000379121"	"EUR"	0	0	0	0	0	0	0	0
"DK0061802139"	"DKK"	0	0	0	0	0	0	0	0
"BE0003878957"	"EUR"	0	0	0	0	0	0	0	0
"BMG0670A1099"	"NOK"	0	0	0	0	0	0	0	0
"NO0012450008"	"NOK"	0	0	0	0	0	0	0	0
"FI4000306873"	"EUR"	0	0	0	0	0	0	0	0
"IE000TIRQBE1"	"EUR"	0	0	0	0	0	0	0	0
"GB00BKDRYJ47"	"GBX"	364	328	665823	595676	13758303	13919229	13910000	0
"AU000000BHP4"	"GBX"	207	271	55822	80857	216204114	229575384	225700000	0
"GB00BP6MXD84"	"EUR"	0	0	0	0	0	0	0	0
"GB00BP6MXD84"	"EUR"	23	276	1334	18262	2200000	2913933	2200000	0
"GB00BP6MXD84"	"GBX"	1609	2065	820771	934149	217705879	222717268	219400000	0
"GB00BLH3CY60"	"GBX"	131	119	205492	185065	17721504	17984623	17840000	0
"NL0015000LU4"	"EUR"	0	0	0	0	0	0	0	0
"FR0000130577"	"EUR"	0	0	0	0	0	0	0	0
"GB00BL9ZF303"	"GBX"	184	132	203780	160369	21409381	21798022	21700000	0
"ES0157261019"	"EUR"	0	0	0	0	0	0	0	0
"IT0004176001"	"EUR"	0	0	0	0	0	0	0	0
"GB0007099541"	"GBX"	977	1026	364400	384856	102108663	103017323	103100000	0
"NL0015000IY2"	"EUR"	0	0	0	0	0	0	0	0
"DE000PSM7770"	"EUR"	0	0	0	0	0	0	0	0
"BMG1466R1732"	"NOK"	0	0	0	0	0	0	0	0
"DE000DTR0CK8"	"EUR"	0	0	0	0	0	0	0	0
"NL0015000MZ1"	"EUR"	0	0	0	0	0	0	0	0
"NL0015000N09"	"EUR"	0	0	0	0	0	0	0	0
"GB00BM8Q5M07"	"GBX"	920	1034	1875580	2118035	11462613	11567516	11780000	0
"BMG702782084"	"GBX"	133	167	658889	426670	8647917	9433025	9200000	0
"GB00BP37WF17"	"GBX"	117	123	139645	85670	24156954	24576942	24450000	0
"FR0014005HJ9"	"EUR"	0	0	0	0	0	0	0	0
"SE0016589188"	"SEK"	0	0	0	0	0	0	0	0
"FR0014004L86"	"EUR"	0	0	0	0	0	0	0	0
"GB0008910555"	"GBX"	106	114	45942	33807	53994998	54864927	54400000	0
"GB00BN44P254"	"GBX"	75	81	99944	114923	12481811	12854027	12780000	0
"GB00BY7QYJ50"	"GBX"	76	49	45076	33098	40274858	40940833	40900000	0
"GB00BNYK8G86"	"GBX"	100	40	67058	45889	28887465	29805150	29940000	0
"GB00BL6K5J42"	"GBX"	300	253	41276	35969	166346036	167500878	168700000	0
"NO0010791353"	"NOK"	0	0	0	0	0	0	0	0
"NO0010823131"	"NOK"	0	0	0	0	0	0	0	0
"NL0009739416"	"EUR"	0	0	0	0	0	0	0	0
"PTPTC0AM0009"	"EUR"	0	0	0	0	0	0	0	0
"PTPTI0AM0006"	"EUR"	0	0	0	0	0	0	0	0
"DE000PAH0038"	"EUR"	23	23	345	1955	5500000	7400000	5500000	0
"PTGNV0AM0001"	"EUR"	0	0	0	0	0	0	0	0
"NL0015000K93"	"EUR"	0	0	0	0	0	0	0	0
"GB00BLJNXL82"	"GBX"	1232	1126	73689	67503	374901498	377784233	377300000	0
"GB00BNR5MZ78"	"GBX"	1127	1053	2378162	1859352	15553758	15717781	15775000	0
"DE000A3H2200"	"EUR"	0	0	0	0	0	0	0	0
"DE000A1MMCC8"	"EUR"	0	0	0	0	0	0	0	0
"DE000A3E5C08"	"EUR"	0	0	0	0	0	0	0	0
"DE000A3E5D64"	"EUR"	23	0	667	0	2300000	0	2300000	0
"DE000A3E5D56"	"EUR"	0	0	0	0	0	0	0	0
"IT0005453250"	"EUR"	0	0	0	0	0	0	0	0
"GB00BL6K7L04"	"GBX"	0	0	0	0	0	0	0	0
"US60770K1079"	"EUR"	0	0	0	0	0	0	0	0
"GB00BKPG0S09"	"GBX"	71	100	125689	115088	14529972	14986059	14600000	0
"DE000A3E5C40"	"EUR"	0	0	0	0	0	0	0	0
"IT0005262149"	"EUR"	0	0	0	0	0	0	0	0
"IT0005445280"	"EUR"	0	0	0	0	0	0	0	0
"GB00BND88V85"	"GBX"	84	91	108934	118090	22585259	22982952	23100000	0
"SE0012116390"	"SEK"	0	0	0	0	0	0	0	0
"SE0005127818"	"SEK"	0	0	0	0	0	0	0	0
"SE0009554454"	"SEK"	0	0	0	0	0	0	0	0
"FR0012650166"	"EUR"	0	0	0	0	0	0	0	0
"GB00BNR4T868"	"GBX"	166	168	90316	57218	74212824	75918132	75900000	0
"LU2182388152"	"GBX"	0	0	0	0	0	0	0	0
"GB00BKPG0138"	"GBX"	0	0	0	0	0	0	0	0
"FR0014003TT8"	"EUR"	0	0	0	0	0	0	0	0
"GB00BL9YR756"	"GBX"	132	102	122115	105761	30812111	33391273	32280000	0
"GB00BNNTLN49"	"GBX"	466	567	189464	230435	95279327	96255673	96100000	0
"NO0010199151"	"NOK"	0	0	0	0	0	0	0	0
"GB00B0H2K534"	"GBX"	53	130	160434	207724	10920454	11633582	11070000	0
"NO0010161896"	"NOK"	0	0	0	0	0	0	0	0
"GB00BMBVGQ36"	"GBX"	1050	1101	632001	646396	34423659	35051402	34880000	0
"GB00BMVQDZ64"	"GBX"	99	86	21342	20944	90076351	91484668	93200000	0
"GB0006825383"	"GBX"	1205	1180	178055	177988	187565367	190798362	189250000	0
"GB00BNK9TP58"	"GBX"	58	31	133519	113565	9850390	10038230	9955000	0
"GB00BMT9K014"	"GBX"	78	105	79208	80209	20871301	21279037	22100000	0
"SE0016101844"	"SEK"	0	0	0	0	0	0	0	0
"FR0000120693"	"EUR"	46	0	230	0	13250000	0	13900000	0
"NL00150003E1"	"EUR"	0	0	0	0	0	0	0	0
"SE0015988019"	"SEK"	0	0	0	0	0	0	0	0
"SE0015811963"	"SEK"	0	0	0	0	0	0	0	0
"GB0006776081"	"GBX"	1133	1202	408612	450543	74612157	75638116	75340000	0
"SE0015811955"	"SEK"	0	0	0	0	0	0	0	0
"SE0015961909"	"SEK"	0	0	0	0	0	0	0	0
"SE0015810247"	"SEK"	0	0	0	0	0	0	0	0
"SE0015658109"	"SEK"	0	0	0	0	0	0	0	0
"SE0015658117"	"SEK"	0	0	0	0	0	0	0	0
"SE0015962477"	"SEK"	0	0	0	0	0	0	0	0
"SE0015812219"	"SEK"	8	0	40000	0	10451250	0	10455000	0
"SE0015949201"	"SEK"	0	0	0	0	0	0	0	0
"ES0105548004"	"EUR"	0	0	0	0	0	0	0	0
"GB00BNG2M159"	"GBX"	143	175	260675	278070	20426367	21475051	20900000	0
"ES0105546008"	"EUR"	0	23	0	2070	0	153000	0	0
"DE000A2TSL71"	"EUR"	0	0	0	0	0	0	0	0
"DK0060252690"	"DKK"	0	0	0	0	0	0	0	0
"GB00BK9RKT01"	"GBX"	540	461	100874	89078	95947823	96871633	96760000	0
"DK0061539921"	"DKK"	0	0	0	0	0	0	0	0
"SE0015949748"	"SEK"	0	0	0	0	0	0	0	0
"IE00BDC5DG00"	"GBX"	60	79	36105	40377	42677318	43526804	43000000	0
"CH1101098163"	"CHF"	159	220	3279	4205	33985605	34326385	34250000	0
"GB00BNC5T391"	"GBX"	80	93	229002	232143	9020053	9360681	9130000	0
"FI0009014575"	"EUR"	0	0	0	0	0	0	0	0
"FI0009002422"	"EUR"	0	0	0	0	0	0	0	0
"NL0012817175"	"EUR"	0	0	0	0	0	0	0	0
"GB00BL6NGV24"	"GBX"	107	118	97276	100370	22549737	22893430	23060000	0
"GB00BMH18Q19"	"GBX"	32	38	28772	28972	41154522	41838962	41700000	0
"NO0003733800"	"NOK"	0	23	0	2346	0	9860000	0	0
"CH0011178255"	"CHF"	0	0	0	0	0	0	0	0
"FI0009014377"	"EUR"	0	0	0	0	0	0	0	0
"CH0493891243"	"CHF"	0	0	0	0	0	0	0	0
"CH0239518779"	"CHF"	140	122	10162	5766	8351989	8569285	8480000	0
"CH0045825517"	"CHF"	0	0	0	0	0	0	0	0
"CH0009236461"	"CHF"	0	0	0	0	0	0	0	0
"CH0118530366"	"CHF"	118	131	9662	11509	3433212	3499298	3465000	0
"CH0001473559"	"CHF"	0	0	0	0	0	0	0	0
"CH0001319265"	"CHF"	0	0	0	0	0	0	0	0
"CH0029850754"	"CHF"	0	0	0	0	0	0	0	0
"CH0039651184"	"CHF"	0	0	0	0	0	0	0	0
"CH0110303119"	"CHF"	0	0	0	0	0	0	0	0
"FR0000133308"	"EUR"	0	0	0	0	0	0	0	0
"CH0001340204"	"CHF"	0	0	0	0	0	0	0	0
"CH0126639464"	"CHF"	0	0	0	0	0	0	0	0
"CH0284142913"	"CHF"	0	0	0	0	0	0	0	0
"NO0010040611"	"NOK"	0	0	0	0	0	0	0	0
"CH0025343259"	"CHF"	73	75	2713	2407	7835595	8414939	8230000	0
"CH0453226893"	"CHF"	181	82	60492	13143	1438566	1630961	1644000	0
"CH0386200239"	"CHF"	41	77	2150	3070	8407623	8620413	8460000	0
"CH0017875789"	"CHF"	111	86	3108	3578	12296274	14479888	12880000	0
"LI0355147575"	"CHF"	136	208	9988	12578	5166226	5318319	5200000	0
"CH0039821084"	"CHF"	104	137	476	633	184646008	191283570	188000000	0
"CH0028422100"	"CHF"	139	119	12307	13199	3174267	3281464	3215000	0
"CH0582581713"	"CHF"	67	169	1948	4516	20190965	21180469	20350000	0
"AT0000KTMI02"	"CHF"	112	130	10440	7991	5517423	6293436	6240000	0
"ES0142090317"	"EUR"	0	0	0	0	0	0	0	0
"CH0530235594"	"CHF"	70	92	5030	8236	3715685	3779513	3755000	0
"CH0011484067"	"CHF"	118	168	1480	2241	43807702	44394645	44150000	0
"BE0974258874"	"EUR"	0	0	0	0	0	0	0	0
"CH0011693600"	"CHF"	103	174	1015	2491	41177635	41829787	41450000	0
"CH0256379097"	"CHF"	104	123	31929	44195	640253	652011	653000	0
"DK0060336014"	"DKK"	23	0	1978	0	31000000	0	31000000	0
"CH0111677362"	"CHF"	143	132	6934	6098	7994886	8123148	8070000	0
"CH0468525222"	"CHF"	56	57	2154	2331	9167270	9297305	9280000	0
"DK0060534915"	"DKK"	0	0	0	0	0	0	0	0
"CH0406705126"	"CHF"	144	143	7541	6345	9187438	10138940	9620000	0
"CH0012005267"	"CHF"	1751	1806	143822	153852	8130307	8478645	8211000	0
"CH0528751586"	"CHF"	119	108	8947	5187	6504146	6998841	6940000	0
"CH0002178181"	"CHF"	66	160	6744	16961	3107314	3707068	3134000	0
"CH0460027110"	"CHF"	0	0	0	0	0	0	0	0
"NO0010196140"	"NOK"	0	0	0	0	0	0	0	0
"CH0346177709"	"CHF"	0	0	0	0	0	0	0	0
"NO0005052605"	"NOK"	0	0	0	0	0	0	0	0
"CH0276534614"	"CHF"	196	153	11954	11070	5612728	5892537	5720000	0
"CH0496451508"	"CHF"	97	129	35781	43736	1123661	1186134	1135000	0
"DK0060952919"	"DKK"	0	0	0	0	0	0	0	0
"GG00BGJYPP46"	"GBX"	140	106	387352	384880	9153155	9421155	9450000	0
"DE000A3H3LL2"	"EUR"	0	0	0	0	0	0	0	0
"FI0009005318"	"EUR"	0	0	0	0	0	0	0	0
"FI0009000681"	"SEK"	0	0	0	0	0	0	0	0
"FI0009000681"	"EUR"	23	23	1219	3611	401000	512000	401000	0
"IE00B5BMR087"	"USD"	176	80	16046	16516	38857344	39323715	39204000	0
"GB00BMTV7393"	"GBX"	72	62	309412	222886	7746088	8185756	8166000	0
"GB00BN4NDR39"	"GBX"	163	116	313864	290662	9856320	9991950	9930000	0
"JE00BMDZN391"	"GBX"	79	129	163375	225349	10823452	10996032	11250000	0
"GB00BLGZ9862"	"GBX"	1202	1211	1971828	1779449	25632909	26205572	25790000	0
"LU2290522684"	"EUR"	0	0	0	0	0	0	0	0
"DE000A3H2333"	"EUR"	0	0	0	0	0	0	0	0
"GB00BNKVP754"	"GBX"	153	135	366756	436294	10745264	10974662	10900000	0
"GB0032089863"	"GBX"	1218	1027	64566	55629	601615782	605914185	607600000	0
"NL00150001Q9"	"EUR"	46	0	1978	0	1000000	0	1000000	0
"NL00150001Q9"	"EUR"	0	0	0	0	0	0	0	0
"FR0010828137"	"EUR"	0	0	0	0	0	0	0	0
"GB00BN0SMB92"	"GBX"	79	34	410669	63054	21010715	21366136	21260000	0
"NL0014332678"	"EUR"	0	0	0	0	0	0	0	0
"GB00BLDRH360"	"GBX"	129	219	115017	208044	47750629	48186465	48280000	0
"GB0007873697"	"GBX"	152	111	67404	56391	45165479	46689560	46350000	0
"GB0008711763"	"GBX"	44	81	74001	123543	16930578	17165139	17440000	0
"GB0003435012"	"GBX"	0	0	0	0	0	0	0	0
"CH0038863350"	"CHF"	1848	1474	135174	120100	10898426	11723831	11384000	0
"FI0009013296"	"EUR"	0	23	0	1495	0	4950000	0	0
"GB0006667470"	"GBX"	8	8	480	480	60887500	62225000	61400000	0
"GG00BJL5FH87"	"GBX"	131	114	433788	387434	12192030	12401264	12280000	0
"GB00BZCNLL95"	"GBX"	78	70	145492	109000	15344804	15582036	15440000	0
"GB00BN7CG237"	"GBX"	121	1	50419	399	33181247	42020000	41660000	0
"SE0000117970"	"SEK"	0	0	0	0	0	0	0	0
"GB00BFXYH242"	"GBX"	100	71	132746	94071	14058114	14298287	14160000	0
"GB0006436108"	"GBX"	102	159	17379	32847	128333034	131706865	129800000	0
"GB0006650450"	"GBX"	107	85	16131	12976	196630475	198837916	198800000	0
"GB0007388407"	"GBX"	155	59	42636	17783	88250560	89430759	89400000	0
"GB00BY2Z0H74"	"GBX"	369	66	84757	92960	17844530	19574092	18080000	0
"GB0000385517"	"GBX"	36	52	16078	23857	82388530	83640667	82900000	0
"GB00BDR05C01"	"GBX"	1037	1294	386613	518684	105916093	108661016	107750000	0
"GB00BJ0LT190"	"GBX"	123	118	201196	131132	31524166	32008788	31800000	0
"GB00BWXC7Y93"	"GBX"	190	194	171962	214118	26018859	26750640	26350000	0
"IT0005428195"	"EUR"	0	0	0	0	0	0	0	0
"GB00B10RZP78"	"EUR"	46	46	828	828	3775000	4950000	3850000	0
"DE0008430026"	"EUR"	23	3	138	24	21000000	23950000	21000000	0
"DE000A2NBX80"	"EUR"	0	0	0	0	0	0	0	0
"DE0005093108"	"EUR"	0	0	0	0	0	0	0	0
"DE000A14KEB5"	"EUR"	0	0	0	0	0	0	0	0
"DE000A2N4H07"	"EUR"	0	0	0	0	0	0	0	0
"PTMEN0AE0005"	"EUR"	0	0	0	0	0	0	0	0
"DE000TRAT0N7"	"EUR"	0	0	0	0	0	0	0	0
"DE000DWS1007"	"EUR"	0	0	0	0	0	0	0	0
"LU2010095458"	"EUR"	0	0	0	0	0	0	0	0
"DE000A2GS5D8"	"EUR"	0	0	0	0	0	0	0	0
"DE0006095003"	"EUR"	0	0	0	0	0	0	0	0
"FR0011995588"	"EUR"	0	0	0	0	0	0	0	0
"FR0010557264"	"EUR"	0	0	0	0	0	0	0	0
"FR0013018041"	"EUR"	0	0	0	0	0	0	0	0
"FR0011742329"	"EUR"	0	0	0	0	0	0	0	0
"FR0004056851"	"EUR"	0	0	0	0	0	0	0	0
"GB00B1CRLC47"	"GBX"	1143	1045	239713	225089	147282240	148408317	148600000	0
"FR0013183985"	"EUR"	0	0	0	0	0	0	0	0
"GB00BMXWN182"	"GBX"	61	58	179007	148640	10367115	10616989	10420000	0
"FR0011799907"	"EUR"	0	0	0	0	0	0	0	0
"FR00140006O9"	"EUR"	0	0	0	0	0	0	0	0
"FR0014000MR3"	"EUR"	0	0	0	0	0	0	0	0
"SE0014960373"	"SEK"	0	0	0	0	0	0	0	0
"FR0013529815"	"EUR"	0	0	0	0	0	0	0	0
"DE0006599905"	"EUR"	23	0	483	0	15200000	0	15200000	0
"BE0974362940"	"EUR"	0	0	0	0	0	0	0	0
"FR0000121014"	"EUR"	0	0	0	0	0	0	0	0
"SE0000825820"	"SEK"	0	0	0	0	0	0	0	0
